 #  Results from PENHMAIN. Output from energy-deposition detector #  1
 #  Deposited energy spectrum.
 #  1st column: deposited energy (eV).
 #  2nd column: probability density (1/(eV*particle)).
 #  3rd column: statistical uncertainty (3 sigma).
  7.000000E+02  1.292857E-07  2.88E-08
  2.100000E+03  1.771429E-07  3.37E-08
  3.500000E+03  1.914286E-07  3.51E-08
  4.900000E+03  2.128571E-07  3.70E-08
  6.300000E+03  2.085714E-07  3.66E-08
  7.700000E+03  2.100000E-07  3.67E-08
  9.100000E+03  2.121429E-07  3.69E-08
  1.050000E+04  2.064286E-07  3.64E-08
  1.190000E+04  2.057143E-07  3.64E-08
  1.330000E+04  1.985714E-07  3.57E-08
  1.470000E+04  1.957143E-07  3.55E-08
  1.610000E+04  1.985714E-07  3.57E-08
  1.750000E+04  2.207143E-07  3.77E-08
  1.890000E+04  1.807143E-07  3.41E-08
  2.030000E+04  1.964286E-07  3.55E-08
  2.170000E+04  1.921429E-07  3.51E-08
  2.310000E+04  2.092857E-07  3.67E-08
  2.450000E+04  2.042857E-07  3.62E-08
  2.590000E+04  2.021429E-07  3.60E-08
  2.730000E+04  2.092857E-07  3.67E-08
  2.870000E+04  2.014286E-07  3.60E-08
  3.010000E+04  2.371429E-07  3.90E-08
  3.150000E+04  2.592857E-07  4.08E-08
  3.290000E+04  1.950000E-07  3.54E-08
  3.430000E+04  2.192857E-07  3.75E-08
  3.570000E+04  1.942857E-07  3.53E-08
  3.710000E+04  1.950000E-07  3.54E-08
  3.850000E+04  2.207143E-07  3.77E-08
  3.990000E+04  2.207143E-07  3.77E-08
  4.130000E+04  2.157143E-07  3.72E-08
  4.270000E+04  2.121429E-07  3.69E-08
  4.410000E+04  2.421429E-07  3.94E-08
  4.550000E+04  1.971429E-07  3.56E-08
  4.690000E+04  2.335714E-07  3.87E-08
  4.830000E+04  2.014286E-07  3.60E-08
  4.970000E+04  1.928571E-07  3.52E-08
  5.110000E+04  1.942857E-07  3.53E-08
  5.250000E+04  1.935714E-07  3.53E-08
  5.390000E+04  2.035714E-07  3.62E-08
  5.530000E+04  2.057143E-07  3.64E-08
  5.670000E+04  2.128571E-07  3.70E-08
  5.810000E+04  1.964286E-07  3.55E-08
  5.950000E+04  1.950000E-07  3.54E-08
  6.090000E+04  1.914286E-07  3.51E-08
  6.230000E+04  2.114286E-07  3.69E-08
  6.370000E+04  2.121429E-07  3.69E-08
  6.510000E+04  1.935714E-07  3.53E-08
  6.650000E+04  1.935714E-07  3.53E-08
  6.790000E+04  1.957143E-07  3.55E-08
  6.930000E+04  2.078571E-07  3.65E-08
  7.070000E+04  2.064286E-07  3.64E-08
  7.210000E+04  2.278571E-07  3.83E-08
  7.350000E+04  3.578571E-07  4.80E-08
  7.490000E+04  4.735714E-07  5.52E-08
  7.630000E+04  2.071429E-07  3.65E-08
  7.770000E+04  2.085714E-07  3.66E-08
  7.910000E+04  2.071429E-07  3.65E-08
  8.050000E+04  1.992857E-07  3.58E-08
  8.190000E+04  2.035714E-07  3.62E-08
  8.330000E+04  1.957143E-07  3.55E-08
  8.470000E+04  3.535714E-07  4.77E-08
  8.610000E+04  2.164286E-07  3.73E-08
  8.750000E+04  2.314286E-07  3.86E-08
  8.890000E+04  1.814286E-07  3.41E-08
  9.030000E+04  1.921429E-07  3.51E-08
  9.170000E+04  2.000000E-07  3.59E-08
  9.310000E+04  1.971429E-07  3.56E-08
  9.450000E+04  1.857143E-07  3.45E-08
  9.590000E+04  2.057143E-07  3.64E-08
  9.730000E+04  1.892857E-07  3.49E-08
  9.870000E+04  1.885714E-07  3.48E-08
  1.001000E+05  1.942857E-07  3.53E-08
  1.015000E+05  1.764286E-07  3.37E-08
  1.029000E+05  1.750000E-07  3.35E-08
  1.043000E+05  1.935714E-07  3.53E-08
  1.057000E+05  2.085714E-07  3.66E-08
  1.071000E+05  1.985714E-07  3.57E-08
  1.085000E+05  1.964286E-07  3.55E-08
  1.099000E+05  1.921429E-07  3.51E-08
  1.113000E+05  1.742857E-07  3.35E-08
  1.127000E+05  2.035714E-07  3.62E-08
  1.141000E+05  2.064286E-07  3.64E-08
  1.155000E+05  1.900000E-07  3.49E-08
  1.169000E+05  1.757143E-07  3.36E-08
  1.183000E+05  1.907143E-07  3.50E-08
  1.197000E+05  1.914286E-07  3.51E-08
  1.211000E+05  2.014286E-07  3.60E-08
  1.225000E+05  1.778571E-07  3.38E-08
  1.239000E+05  1.885714E-07  3.48E-08
  1.253000E+05  1.914286E-07  3.51E-08
  1.267000E+05  1.964286E-07  3.55E-08
  1.281000E+05  2.150000E-07  3.72E-08
  1.295000E+05  2.014286E-07  3.60E-08
  1.309000E+05  1.942857E-07  3.53E-08
  1.323000E+05  1.935714E-07  3.53E-08
  1.337000E+05  2.064286E-07  3.64E-08
  1.351000E+05  1.678571E-07  3.28E-08
  1.365000E+05  1.935714E-07  3.53E-08
  1.379000E+05  2.035714E-07  3.62E-08
  1.393000E+05  1.900000E-07  3.49E-08
  1.407000E+05  2.000000E-07  3.59E-08
  1.421000E+05  1.850000E-07  3.45E-08
  1.435000E+05  1.785714E-07  3.39E-08
  1.449000E+05  1.778571E-07  3.38E-08
  1.463000E+05  2.042857E-07  3.62E-08
  1.477000E+05  1.935714E-07  3.53E-08
  1.491000E+05  1.821429E-07  3.42E-08
  1.505000E+05  1.935714E-07  3.53E-08
  1.519000E+05  1.842857E-07  3.44E-08
  1.533000E+05  1.814286E-07  3.41E-08
  1.547000E+05  1.992857E-07  3.58E-08
  1.561000E+05  2.107143E-07  3.68E-08
  1.575000E+05  1.764286E-07  3.37E-08
  1.589000E+05  1.878571E-07  3.47E-08
  1.603000E+05  1.828571E-07  3.43E-08
  1.617000E+05  1.907143E-07  3.50E-08
  1.631000E+05  1.764286E-07  3.37E-08
  1.645000E+05  1.964286E-07  3.55E-08
  1.659000E+05  1.864286E-07  3.46E-08
  1.673000E+05  1.864286E-07  3.46E-08
  1.687000E+05  2.042857E-07  3.62E-08
  1.701000E+05  1.907143E-07  3.50E-08
  1.715000E+05  1.764286E-07  3.37E-08
  1.729000E+05  1.771429E-07  3.37E-08
  1.743000E+05  1.800000E-07  3.40E-08
  1.757000E+05  1.864286E-07  3.46E-08
  1.771000E+05  2.092857E-07  3.67E-08
  1.785000E+05  1.764286E-07  3.37E-08
  1.799000E+05  1.871429E-07  3.47E-08
  1.813000E+05  1.978571E-07  3.57E-08
  1.827000E+05  2.135714E-07  3.70E-08
  1.841000E+05  2.335714E-07  3.87E-08
  1.855000E+05  2.800000E-07  4.24E-08
  1.869000E+05  2.207143E-07  3.77E-08
  1.883000E+05  2.757143E-07  4.21E-08
  1.897000E+05  2.521429E-07  4.03E-08
  1.911000E+05  2.442857E-07  3.96E-08
  1.925000E+05  2.457143E-07  3.97E-08
  1.939000E+05  2.685714E-07  4.15E-08
  1.953000E+05  2.800000E-07  4.24E-08
  1.967000E+05  2.628571E-07  4.11E-08
  1.981000E+05  2.692857E-07  4.16E-08
  1.995000E+05  2.664286E-07  4.14E-08
  2.009000E+05  2.621429E-07  4.10E-08
  2.023000E+05  2.492857E-07  4.00E-08
  2.037000E+05  2.735714E-07  4.19E-08
  2.051000E+05  2.571429E-07  4.07E-08
  2.065000E+05  2.521429E-07  4.03E-08
  2.079000E+05  2.414286E-07  3.94E-08
  2.093000E+05  2.707143E-07  4.17E-08
  2.107000E+05  2.428571E-07  3.95E-08
  2.121000E+05  2.578571E-07  4.07E-08
  2.135000E+05  2.442857E-07  3.96E-08
  2.149000E+05  2.550000E-07  4.05E-08
  2.163000E+05  2.528571E-07  4.03E-08
  2.177000E+05  2.585714E-07  4.08E-08
  2.191000E+05  2.414286E-07  3.94E-08
  2.205000E+05  2.450000E-07  3.97E-08
  2.219000E+05  2.757143E-07  4.21E-08
  2.233000E+05  2.571429E-07  4.07E-08
  2.247000E+05  2.392857E-07  3.92E-08
  2.261000E+05  2.471429E-07  3.99E-08
  2.275000E+05  2.121429E-07  3.69E-08
  2.289000E+05  2.428571E-07  3.95E-08
  2.303000E+05  2.407143E-07  3.93E-08
  2.317000E+05  2.371429E-07  3.90E-08
  2.331000E+05  2.314286E-07  3.86E-08
  2.345000E+05  2.300000E-07  3.84E-08
  2.359000E+05  2.135714E-07  3.70E-08
  2.373000E+05  2.307143E-07  3.85E-08
  2.387000E+05  2.557143E-07  4.05E-08
  2.401000E+05  2.392857E-07  3.92E-08
  2.415000E+05  2.207143E-07  3.77E-08
  2.429000E+05  2.450000E-07  3.97E-08
  2.443000E+05  2.135714E-07  3.70E-08
  2.457000E+05  2.364286E-07  3.90E-08
  2.471000E+05  2.035714E-07  3.62E-08
  2.485000E+05  2.428571E-07  3.95E-08
  2.499000E+05  2.121429E-07  3.69E-08
  2.513000E+05  2.285714E-07  3.83E-08
  2.527000E+05  2.414286E-07  3.94E-08
  2.541000E+05  2.257143E-07  3.81E-08
  2.555000E+05  2.300000E-07  3.84E-08
  2.569000E+05  2.364286E-07  3.90E-08
  2.583000E+05  1.978571E-07  3.57E-08
  2.597000E+05  2.328571E-07  3.87E-08
  2.611000E+05  2.471429E-07  3.99E-08
  2.625000E+05  2.107143E-07  3.68E-08
  2.639000E+05  2.071429E-07  3.65E-08
  2.653000E+05  2.071429E-07  3.65E-08
  2.667000E+05  2.392857E-07  3.92E-08
  2.681000E+05  1.928571E-07  3.52E-08
  2.695000E+05  2.200000E-07  3.76E-08
  2.709000E+05  2.135714E-07  3.70E-08
  2.723000E+05  2.128571E-07  3.70E-08
  2.737000E+05  1.978571E-07  3.57E-08
  2.751000E+05  2.214286E-07  3.77E-08
  2.765000E+05  2.092857E-07  3.67E-08
  2.779000E+05  2.257143E-07  3.81E-08
  2.793000E+05  2.064286E-07  3.64E-08
  2.807000E+05  2.021429E-07  3.60E-08
  2.821000E+05  1.978571E-07  3.57E-08
  2.835000E+05  2.057143E-07  3.64E-08
  2.849000E+05  1.907143E-07  3.50E-08
  2.863000E+05  2.235714E-07  3.79E-08
  2.877000E+05  1.921429E-07  3.51E-08
  2.891000E+05  2.150000E-07  3.72E-08
  2.905000E+05  2.107143E-07  3.68E-08
  2.919000E+05  2.071429E-07  3.65E-08
  2.933000E+05  1.985714E-07  3.57E-08
  2.947000E+05  1.992857E-07  3.58E-08
  2.961000E+05  2.028571E-07  3.61E-08
  2.975000E+05  2.121429E-07  3.69E-08
  2.989000E+05  1.950000E-07  3.54E-08
  3.003000E+05  1.785714E-07  3.39E-08
  3.017000E+05  2.250000E-07  3.80E-08
  3.031000E+05  2.092857E-07  3.67E-08
  3.045000E+05  2.028571E-07  3.61E-08
  3.059000E+05  2.014286E-07  3.60E-08
  3.073000E+05  1.942857E-07  3.53E-08
  3.087000E+05  1.878571E-07  3.47E-08
  3.101000E+05  1.914286E-07  3.51E-08
  3.115000E+05  2.050000E-07  3.63E-08
  3.129000E+05  1.914286E-07  3.51E-08
  3.143000E+05  1.942857E-07  3.53E-08
  3.157000E+05  1.871429E-07  3.47E-08
  3.171000E+05  1.757143E-07  3.36E-08
  3.185000E+05  1.928571E-07  3.52E-08
  3.199000E+05  1.864286E-07  3.46E-08
  3.213000E+05  1.828571E-07  3.43E-08
  3.227000E+05  1.900000E-07  3.49E-08
  3.241000E+05  2.021429E-07  3.60E-08
  3.255000E+05  1.900000E-07  3.49E-08
  3.269000E+05  2.014286E-07  3.60E-08
  3.283000E+05  1.985714E-07  3.57E-08
  3.297000E+05  1.914286E-07  3.51E-08
  3.311000E+05  1.914286E-07  3.51E-08
  3.325000E+05  2.035714E-07  3.62E-08
  3.339000E+05  1.885714E-07  3.48E-08
  3.353000E+05  1.942857E-07  3.53E-08
  3.367000E+05  1.678571E-07  3.28E-08
  3.381000E+05  1.792857E-07  3.39E-08
  3.395000E+05  1.821429E-07  3.42E-08
  3.409000E+05  1.814286E-07  3.41E-08
  3.423000E+05  1.814286E-07  3.41E-08
  3.437000E+05  1.935714E-07  3.53E-08
  3.451000E+05  1.764286E-07  3.37E-08
  3.465000E+05  1.957143E-07  3.55E-08
  3.479000E+05  2.007143E-07  3.59E-08
  3.493000E+05  1.950000E-07  3.54E-08
  3.507000E+05  2.007143E-07  3.59E-08
  3.521000E+05  1.914286E-07  3.51E-08
  3.535000E+05  1.771429E-07  3.37E-08
  3.549000E+05  1.785714E-07  3.39E-08
  3.563000E+05  1.878571E-07  3.47E-08
  3.577000E+05  2.221429E-07  3.78E-08
  3.591000E+05  1.771429E-07  3.37E-08
  3.605000E+05  1.957143E-07  3.55E-08
  3.619000E+05  1.778571E-07  3.38E-08
  3.633000E+05  1.692857E-07  3.30E-08
  3.647000E+05  1.707143E-07  3.31E-08
  3.661000E+05  1.807143E-07  3.41E-08
  3.675000E+05  1.878571E-07  3.47E-08
  3.689000E+05  1.821429E-07  3.42E-08
  3.703000E+05  1.842857E-07  3.44E-08
  3.717000E+05  1.828571E-07  3.43E-08
  3.731000E+05  1.985714E-07  3.57E-08
  3.745000E+05  1.864286E-07  3.46E-08
  3.759000E+05  1.928571E-07  3.52E-08
  3.773000E+05  2.042857E-07  3.62E-08
  3.787000E+05  1.907143E-07  3.50E-08
  3.801000E+05  1.764286E-07  3.37E-08
  3.815000E+05  2.107143E-07  3.68E-08
  3.829000E+05  1.857143E-07  3.45E-08
  3.843000E+05  1.907143E-07  3.50E-08
  3.857000E+05  1.628571E-07  3.24E-08
  3.871000E+05  1.928571E-07  3.52E-08
  3.885000E+05  2.150000E-07  3.72E-08
  3.899000E+05  1.792857E-07  3.39E-08
  3.913000E+05  2.057143E-07  3.64E-08
  3.927000E+05  1.921429E-07  3.51E-08
  3.941000E+05  1.728571E-07  3.33E-08
  3.955000E+05  1.671429E-07  3.28E-08
  3.969000E+05  1.900000E-07  3.49E-08
  3.983000E+05  1.900000E-07  3.49E-08
  3.997000E+05  1.885714E-07  3.48E-08
  4.011000E+05  1.971429E-07  3.56E-08
  4.025000E+05  1.764286E-07  3.37E-08
  4.039000E+05  1.900000E-07  3.49E-08
  4.053000E+05  2.042857E-07  3.62E-08
  4.067000E+05  1.807143E-07  3.41E-08
  4.081000E+05  2.000000E-07  3.59E-08
  4.095000E+05  1.721429E-07  3.33E-08
  4.109000E+05  1.792857E-07  3.39E-08
  4.123000E+05  1.814286E-07  3.41E-08
  4.137000E+05  1.785714E-07  3.39E-08
  4.151000E+05  1.971429E-07  3.56E-08
  4.165000E+05  1.857143E-07  3.45E-08
  4.179000E+05  1.750000E-07  3.35E-08
  4.193000E+05  1.914286E-07  3.51E-08
  4.207000E+05  1.792857E-07  3.39E-08
  4.221000E+05  1.828571E-07  3.43E-08
  4.235000E+05  1.842857E-07  3.44E-08
  4.249000E+05  2.000000E-07  3.59E-08
  4.263000E+05  1.928571E-07  3.52E-08
  4.277000E+05  2.050000E-07  3.63E-08
  4.291000E+05  1.764286E-07  3.37E-08
  4.305000E+05  1.785714E-07  3.39E-08
  4.319000E+05  1.957143E-07  3.55E-08
  4.333000E+05  2.071429E-07  3.65E-08
  4.347000E+05  2.092857E-07  3.67E-08
  4.361000E+05  2.107143E-07  3.68E-08
  4.375000E+05  2.142857E-07  3.71E-08
  4.389000E+05  2.057143E-07  3.64E-08
  4.403000E+05  1.914286E-07  3.51E-08
  4.417000E+05  2.085714E-07  3.66E-08
  4.431000E+05  1.928571E-07  3.52E-08
  4.445000E+05  2.271429E-07  3.82E-08
  4.459000E+05  2.114286E-07  3.69E-08
  4.473000E+05  2.071429E-07  3.65E-08
  4.487000E+05  2.057143E-07  3.64E-08
  4.501000E+05  2.000000E-07  3.59E-08
  4.515000E+05  2.242857E-07  3.80E-08
  4.529000E+05  2.164286E-07  3.73E-08
  4.543000E+05  2.107143E-07  3.68E-08
  4.557000E+05  2.107143E-07  3.68E-08
  4.571000E+05  2.057143E-07  3.64E-08
  4.585000E+05  2.164286E-07  3.73E-08
  4.599000E+05  2.457143E-07  3.97E-08
  4.613000E+05  2.257143E-07  3.81E-08
  4.627000E+05  2.100000E-07  3.67E-08
  4.641000E+05  2.264286E-07  3.81E-08
  4.655000E+05  2.185714E-07  3.75E-08
  4.669000E+05  2.014286E-07  3.60E-08
  4.683000E+05  2.292857E-07  3.84E-08
  4.697000E+05  2.250000E-07  3.80E-08
  4.711000E+05  1.921429E-07  3.51E-08
  4.725000E+05  2.071429E-07  3.65E-08
  4.739000E+05  1.971429E-07  3.56E-08
  4.753000E+05  1.835714E-07  3.43E-08
  4.767000E+05  1.900000E-07  3.49E-08
  4.781000E+05  1.578571E-07  3.19E-08
  4.795000E+05  1.300000E-07  2.89E-08
  4.809000E+05  1.064286E-07  2.62E-08
  4.823000E+05  1.114286E-07  2.68E-08
  4.837000E+05  9.000000E-08  2.41E-08
  4.851000E+05  9.071429E-08  2.41E-08
  4.865000E+05  8.714286E-08  2.37E-08
  4.879000E+05  9.071429E-08  2.41E-08
  4.893000E+05  9.500000E-08  2.47E-08
  4.907000E+05  7.785714E-08  2.24E-08
  4.921000E+05  6.500000E-08  2.04E-08
  4.935000E+05  7.642857E-08  2.22E-08
  4.949000E+05  7.214286E-08  2.15E-08
  4.963000E+05  7.214286E-08  2.15E-08
  4.977000E+05  6.214286E-08  2.00E-08
  4.991000E+05  6.500000E-08  2.04E-08
  5.005000E+05  5.357143E-08  1.86E-08
  5.019000E+05  5.500000E-08  1.88E-08
  5.033000E+05  6.000000E-08  1.96E-08
  5.047000E+05  5.142857E-08  1.82E-08
  5.061000E+05  5.500000E-08  1.88E-08
  5.075000E+05  5.571429E-08  1.89E-08
  5.089000E+05  5.214286E-08  1.83E-08
  5.103000E+05  4.357143E-08  1.67E-08
  5.117000E+05  4.714286E-08  1.74E-08
  5.131000E+05  4.500000E-08  1.70E-08
  5.145000E+05  3.857143E-08  1.57E-08
  5.159000E+05  3.785714E-08  1.56E-08
  5.173000E+05  4.071429E-08  1.62E-08
  5.187000E+05  4.857143E-08  1.77E-08
  5.201000E+05  3.714286E-08  1.55E-08
  5.215000E+05  4.500000E-08  1.70E-08
  5.229000E+05  3.285714E-08  1.45E-08
  5.243000E+05  2.928571E-08  1.37E-08
  5.257000E+05  3.285714E-08  1.45E-08
  5.271000E+05  3.928571E-08  1.59E-08
  5.285000E+05  3.214286E-08  1.44E-08
  5.299000E+05  3.571429E-08  1.52E-08
  5.313000E+05  2.714286E-08  1.32E-08
  5.327000E+05  2.928571E-08  1.37E-08
  5.341000E+05  2.642857E-08  1.30E-08
  5.355000E+05  2.928571E-08  1.37E-08
  5.369000E+05  2.928571E-08  1.37E-08
  5.383000E+05  2.142857E-08  1.17E-08
  5.397000E+05  3.000000E-08  1.39E-08
  5.411000E+05  2.357143E-08  1.23E-08
  5.425000E+05  2.785714E-08  1.34E-08
  5.439000E+05  2.571429E-08  1.29E-08
  5.453000E+05  2.928571E-08  1.37E-08
  5.467000E+05  2.214286E-08  1.19E-08
  5.481000E+05  2.000000E-08  1.13E-08
  5.495000E+05  2.857143E-08  1.36E-08
  5.509000E+05  1.714286E-08  1.05E-08
  5.523000E+05  2.142857E-08  1.17E-08
  5.537000E+05  3.142857E-08  1.42E-08
  5.551000E+05  2.285714E-08  1.21E-08
  5.565000E+05  2.285714E-08  1.21E-08
  5.579000E+05  2.142857E-08  1.17E-08
  5.593000E+05  2.071429E-08  1.15E-08
  5.607000E+05  1.928571E-08  1.11E-08
  5.621000E+05  1.928571E-08  1.11E-08
  5.635000E+05  1.214286E-08  8.84E-09
  5.649000E+05  1.357143E-08  9.34E-09
  5.663000E+05  2.071429E-08  1.15E-08
  5.677000E+05  2.714286E-08  1.32E-08
  5.691000E+05  1.785714E-08  1.07E-08
  5.705000E+05  1.928571E-08  1.11E-08
  5.719000E+05  1.357143E-08  9.34E-09
  5.733000E+05  2.285714E-08  1.21E-08
  5.747000E+05  2.071429E-08  1.15E-08
  5.761000E+05  3.071429E-08  1.41E-08
  5.775000E+05  1.428571E-08  9.58E-09
  5.789000E+05  2.071429E-08  1.15E-08
  5.803000E+05  2.428571E-08  1.25E-08
  5.817000E+05  2.000000E-08  1.13E-08
  5.831000E+05  2.071429E-08  1.15E-08
  5.845000E+05  1.428571E-08  9.58E-09
  5.859000E+05  1.928571E-08  1.11E-08
  5.873000E+05  2.214286E-08  1.19E-08
  5.887000E+05  1.642857E-08  1.03E-08
  5.901000E+05  2.071429E-08  1.15E-08
  5.915000E+05  2.000000E-08  1.13E-08
  5.929000E+05  2.785714E-08  1.34E-08
  5.943000E+05  2.285714E-08  1.21E-08
  5.957000E+05  2.000000E-08  1.13E-08
  5.971000E+05  1.785714E-08  1.07E-08
  5.985000E+05  1.500000E-08  9.82E-09
  5.999000E+05  9.285714E-09  7.73E-09
  6.013000E+05  1.071429E-08  8.30E-09
  6.027000E+05  1.500000E-08  9.82E-09
  6.041000E+05  2.000000E-08  1.13E-08
  6.055000E+05  2.571429E-08  1.29E-08
  6.069000E+05  1.571429E-08  1.01E-08
  6.083000E+05  1.071429E-08  8.30E-09
  6.097000E+05  1.714286E-08  1.05E-08
  6.111000E+05  1.714286E-08  1.05E-08
  6.125000E+05  1.642857E-08  1.03E-08
  6.139000E+05  2.000000E-08  1.13E-08
  6.153000E+05  1.214286E-08  8.84E-09
  6.167000E+05  2.000000E-08  1.13E-08
  6.181000E+05  1.357143E-08  9.34E-09
  6.195000E+05  9.285714E-09  7.73E-09
  6.209000E+05  1.285714E-08  9.09E-09
  6.223000E+05  1.928571E-08  1.11E-08
  6.237000E+05  1.714286E-08  1.05E-08
  6.251000E+05  1.428571E-08  9.58E-09
  6.265000E+05  1.000000E-08  8.02E-09
  6.279000E+05  1.214286E-08  8.84E-09
  6.293000E+05  8.071429E-08  2.28E-08
  6.307000E+05  1.642857E-08  1.03E-08
  6.321000E+05  1.642857E-08  1.03E-08
  6.335000E+05  2.285714E-07  3.83E-08
  6.349000E+05  1.571429E-08  1.01E-08
  6.363000E+05  9.285714E-09  7.73E-09
  6.377000E+05  1.142857E-08  8.57E-09
  6.391000E+05  1.500000E-08  9.82E-09
  6.405000E+05  1.571429E-08  1.01E-08
  6.419000E+05  1.571429E-08  1.01E-08
  6.433000E+05  1.142857E-08  8.57E-09
  6.447000E+05  7.857143E-09  7.11E-09
  6.461000E+05  1.285714E-08  9.09E-09
  6.475000E+05  1.357143E-08  9.34E-09
  6.489000E+05  1.142857E-08  8.57E-09
  6.503000E+05  1.142857E-08  8.57E-09
  6.517000E+05  1.428571E-08  9.58E-09
  6.531000E+05  1.071429E-08  8.30E-09
  6.545000E+05  8.571429E-09  7.42E-09
  6.559000E+05  1.357143E-08  9.34E-09
  6.573000E+05  7.857143E-09  7.11E-09
  6.587000E+05  1.642857E-08  1.03E-08
  6.601000E+05  1.071429E-08  8.30E-09
  6.615000E+05  7.341143E-05  6.51E-07
  6.629000E+05  1.000000E-35  0.00E+00
  6.643000E+05  1.000000E-35  0.00E+00
  6.657000E+05  1.000000E-35  0.00E+00
  6.671000E+05  1.000000E-35  0.00E+00
  6.685000E+05  1.000000E-35  0.00E+00
  6.699000E+05  1.000000E-35  0.00E+00
  6.713000E+05  1.000000E-35  0.00E+00
  6.727000E+05  1.000000E-35  0.00E+00
  6.741000E+05  1.000000E-35  0.00E+00
  6.755000E+05  1.000000E-35  0.00E+00
  6.769000E+05  1.000000E-35  0.00E+00
  6.783000E+05  1.000000E-35  0.00E+00
  6.797000E+05  1.000000E-35  0.00E+00
  6.811000E+05  1.000000E-35  0.00E+00
  6.825000E+05  1.000000E-35  0.00E+00
  6.839000E+05  1.000000E-35  0.00E+00
  6.853000E+05  1.000000E-35  0.00E+00
  6.867000E+05  1.000000E-35  0.00E+00
  6.881000E+05  1.000000E-35  0.00E+00
  6.895000E+05  1.000000E-35  0.00E+00
  6.909000E+05  1.000000E-35  0.00E+00
  6.923000E+05  1.000000E-35  0.00E+00
  6.937000E+05  1.000000E-35  0.00E+00
  6.951000E+05  1.000000E-35  0.00E+00
  6.965000E+05  1.000000E-35  0.00E+00
  6.979000E+05  1.000000E-35  0.00E+00
  6.993000E+05  1.000000E-35  0.00E+00
  7.007000E+05  1.000000E-35  0.00E+00
  7.021000E+05  1.000000E-35  0.00E+00
  7.035000E+05  1.000000E-35  0.00E+00
  7.049000E+05  1.000000E-35  0.00E+00
  7.063000E+05  1.000000E-35  0.00E+00
  7.077000E+05  1.000000E-35  0.00E+00
  7.091000E+05  1.000000E-35  0.00E+00
  7.105000E+05  1.000000E-35  0.00E+00
  7.119000E+05  1.000000E-35  0.00E+00
  7.133000E+05  1.000000E-35  0.00E+00
  7.147000E+05  1.000000E-35  0.00E+00
  7.161000E+05  1.000000E-35  0.00E+00
  7.175000E+05  1.000000E-35  0.00E+00
  7.189000E+05  1.000000E-35  0.00E+00
  7.203000E+05  1.000000E-35  0.00E+00
  7.217000E+05  1.000000E-35  0.00E+00
  7.231000E+05  1.000000E-35  0.00E+00
  7.245000E+05  1.000000E-35  0.00E+00
  7.259000E+05  1.000000E-35  0.00E+00
  7.273000E+05  1.000000E-35  0.00E+00
  7.287000E+05  1.000000E-35  0.00E+00
  7.301000E+05  1.000000E-35  0.00E+00
  7.315000E+05  1.000000E-35  0.00E+00
  7.329000E+05  1.000000E-35  0.00E+00
  7.343000E+05  1.000000E-35  0.00E+00
  7.357000E+05  1.000000E-35  0.00E+00
  7.371000E+05  1.000000E-35  0.00E+00
  7.385000E+05  1.000000E-35  0.00E+00
  7.399000E+05  1.000000E-35  0.00E+00
  7.413000E+05  1.000000E-35  0.00E+00
  7.427000E+05  1.000000E-35  0.00E+00
  7.441000E+05  1.000000E-35  0.00E+00
  7.455000E+05  1.000000E-35  0.00E+00
  7.469000E+05  1.000000E-35  0.00E+00
  7.483000E+05  1.000000E-35  0.00E+00
  7.497000E+05  1.000000E-35  0.00E+00
  7.511000E+05  1.000000E-35  0.00E+00
  7.525000E+05  1.000000E-35  0.00E+00
  7.539000E+05  1.000000E-35  0.00E+00
  7.553000E+05  1.000000E-35  0.00E+00
  7.567000E+05  1.000000E-35  0.00E+00
  7.581000E+05  1.000000E-35  0.00E+00
  7.595000E+05  1.000000E-35  0.00E+00
  7.609000E+05  1.000000E-35  0.00E+00
  7.623000E+05  1.000000E-35  0.00E+00
  7.637000E+05  1.000000E-35  0.00E+00
  7.651000E+05  1.000000E-35  0.00E+00
  7.665000E+05  1.000000E-35  0.00E+00
  7.679000E+05  1.000000E-35  0.00E+00
  7.693000E+05  1.000000E-35  0.00E+00
  7.707000E+05  1.000000E-35  0.00E+00
  7.721000E+05  1.000000E-35  0.00E+00
  7.735000E+05  1.000000E-35  0.00E+00
  7.749000E+05  1.000000E-35  0.00E+00
  7.763000E+05  1.000000E-35  0.00E+00
  7.777000E+05  1.000000E-35  0.00E+00
  7.791000E+05  1.000000E-35  0.00E+00
  7.805000E+05  1.000000E-35  0.00E+00
  7.819000E+05  1.000000E-35  0.00E+00
  7.833000E+05  1.000000E-35  0.00E+00
  7.847000E+05  1.000000E-35  0.00E+00
  7.861000E+05  1.000000E-35  0.00E+00
  7.875000E+05  1.000000E-35  0.00E+00
  7.889000E+05  1.000000E-35  0.00E+00
  7.903000E+05  1.000000E-35  0.00E+00
  7.917000E+05  1.000000E-35  0.00E+00
  7.931000E+05  1.000000E-35  0.00E+00
  7.945000E+05  1.000000E-35  0.00E+00
  7.959000E+05  1.000000E-35  0.00E+00
  7.973000E+05  1.000000E-35  0.00E+00
  7.987000E+05  1.000000E-35  0.00E+00
  8.001000E+05  1.000000E-35  0.00E+00
  8.015000E+05  1.000000E-35  0.00E+00
  8.029000E+05  1.000000E-35  0.00E+00
  8.043000E+05  1.000000E-35  0.00E+00
  8.057000E+05  1.000000E-35  0.00E+00
  8.071000E+05  1.000000E-35  0.00E+00
  8.085000E+05  1.000000E-35  0.00E+00
  8.099000E+05  1.000000E-35  0.00E+00
  8.113000E+05  1.000000E-35  0.00E+00
  8.127000E+05  1.000000E-35  0.00E+00
  8.141000E+05  1.000000E-35  0.00E+00
  8.155000E+05  1.000000E-35  0.00E+00
  8.169000E+05  1.000000E-35  0.00E+00
  8.183000E+05  1.000000E-35  0.00E+00
  8.197000E+05  1.000000E-35  0.00E+00
  8.211000E+05  1.000000E-35  0.00E+00
  8.225000E+05  1.000000E-35  0.00E+00
  8.239000E+05  1.000000E-35  0.00E+00
  8.253000E+05  1.000000E-35  0.00E+00
  8.267000E+05  1.000000E-35  0.00E+00
  8.281000E+05  1.000000E-35  0.00E+00
  8.295000E+05  1.000000E-35  0.00E+00
  8.309000E+05  1.000000E-35  0.00E+00
  8.323000E+05  1.000000E-35  0.00E+00
  8.337000E+05  1.000000E-35  0.00E+00
  8.351000E+05  1.000000E-35  0.00E+00
  8.365000E+05  1.000000E-35  0.00E+00
  8.379000E+05  1.000000E-35  0.00E+00
  8.393000E+05  1.000000E-35  0.00E+00
  8.407000E+05  1.000000E-35  0.00E+00
  8.421000E+05  1.000000E-35  0.00E+00
  8.435000E+05  1.000000E-35  0.00E+00
  8.449000E+05  1.000000E-35  0.00E+00
  8.463000E+05  1.000000E-35  0.00E+00
  8.477000E+05  1.000000E-35  0.00E+00
  8.491000E+05  1.000000E-35  0.00E+00
  8.505000E+05  1.000000E-35  0.00E+00
  8.519000E+05  1.000000E-35  0.00E+00
  8.533000E+05  1.000000E-35  0.00E+00
  8.547000E+05  1.000000E-35  0.00E+00
  8.561000E+05  1.000000E-35  0.00E+00
  8.575000E+05  1.000000E-35  0.00E+00
  8.589000E+05  1.000000E-35  0.00E+00
  8.603000E+05  1.000000E-35  0.00E+00
  8.617000E+05  1.000000E-35  0.00E+00
  8.631000E+05  1.000000E-35  0.00E+00
  8.645000E+05  1.000000E-35  0.00E+00
  8.659000E+05  1.000000E-35  0.00E+00
  8.673000E+05  1.000000E-35  0.00E+00
  8.687000E+05  1.000000E-35  0.00E+00
  8.701000E+05  1.000000E-35  0.00E+00
  8.715000E+05  1.000000E-35  0.00E+00
  8.729000E+05  1.000000E-35  0.00E+00
  8.743000E+05  1.000000E-35  0.00E+00
  8.757000E+05  1.000000E-35  0.00E+00
  8.771000E+05  1.000000E-35  0.00E+00
  8.785000E+05  1.000000E-35  0.00E+00
  8.799000E+05  1.000000E-35  0.00E+00
  8.813000E+05  1.000000E-35  0.00E+00
  8.827000E+05  1.000000E-35  0.00E+00
  8.841000E+05  1.000000E-35  0.00E+00
  8.855000E+05  1.000000E-35  0.00E+00
  8.869000E+05  1.000000E-35  0.00E+00
  8.883000E+05  1.000000E-35  0.00E+00
  8.897000E+05  1.000000E-35  0.00E+00
  8.911000E+05  1.000000E-35  0.00E+00
  8.925000E+05  1.000000E-35  0.00E+00
  8.939000E+05  1.000000E-35  0.00E+00
  8.953000E+05  1.000000E-35  0.00E+00
  8.967000E+05  1.000000E-35  0.00E+00
  8.981000E+05  1.000000E-35  0.00E+00
  8.995000E+05  1.000000E-35  0.00E+00
  9.009000E+05  1.000000E-35  0.00E+00
  9.023000E+05  1.000000E-35  0.00E+00
  9.037000E+05  1.000000E-35  0.00E+00
  9.051000E+05  1.000000E-35  0.00E+00
  9.065000E+05  1.000000E-35  0.00E+00
  9.079000E+05  1.000000E-35  0.00E+00
  9.093000E+05  1.000000E-35  0.00E+00
  9.107000E+05  1.000000E-35  0.00E+00
  9.121000E+05  1.000000E-35  0.00E+00
  9.135000E+05  1.000000E-35  0.00E+00
  9.149000E+05  1.000000E-35  0.00E+00
  9.163000E+05  1.000000E-35  0.00E+00
  9.177000E+05  1.000000E-35  0.00E+00
  9.191000E+05  1.000000E-35  0.00E+00
  9.205000E+05  1.000000E-35  0.00E+00
  9.219000E+05  1.000000E-35  0.00E+00
  9.233000E+05  1.000000E-35  0.00E+00
  9.247000E+05  1.000000E-35  0.00E+00
  9.261000E+05  1.000000E-35  0.00E+00
  9.275000E+05  1.000000E-35  0.00E+00
  9.289000E+05  1.000000E-35  0.00E+00
  9.303000E+05  1.000000E-35  0.00E+00
  9.317000E+05  1.000000E-35  0.00E+00
  9.331000E+05  1.000000E-35  0.00E+00
  9.345000E+05  1.000000E-35  0.00E+00
  9.359000E+05  1.000000E-35  0.00E+00
  9.373000E+05  1.000000E-35  0.00E+00
  9.387000E+05  1.000000E-35  0.00E+00
  9.401000E+05  1.000000E-35  0.00E+00
  9.415000E+05  1.000000E-35  0.00E+00
  9.429000E+05  1.000000E-35  0.00E+00
  9.443000E+05  1.000000E-35  0.00E+00
  9.457000E+05  1.000000E-35  0.00E+00
  9.471000E+05  1.000000E-35  0.00E+00
  9.485000E+05  1.000000E-35  0.00E+00
  9.499000E+05  1.000000E-35  0.00E+00
  9.513000E+05  1.000000E-35  0.00E+00
  9.527000E+05  1.000000E-35  0.00E+00
  9.541000E+05  1.000000E-35  0.00E+00
  9.555000E+05  1.000000E-35  0.00E+00
  9.569000E+05  1.000000E-35  0.00E+00
  9.583000E+05  1.000000E-35  0.00E+00
  9.597000E+05  1.000000E-35  0.00E+00
  9.611000E+05  1.000000E-35  0.00E+00
  9.625000E+05  1.000000E-35  0.00E+00
  9.639000E+05  1.000000E-35  0.00E+00
  9.653000E+05  1.000000E-35  0.00E+00
  9.667000E+05  1.000000E-35  0.00E+00
  9.681000E+05  1.000000E-35  0.00E+00
  9.695000E+05  1.000000E-35  0.00E+00
  9.709000E+05  1.000000E-35  0.00E+00
  9.723000E+05  1.000000E-35  0.00E+00
  9.737000E+05  1.000000E-35  0.00E+00
  9.751000E+05  1.000000E-35  0.00E+00
  9.765000E+05  1.000000E-35  0.00E+00
  9.779000E+05  1.000000E-35  0.00E+00
  9.793000E+05  1.000000E-35  0.00E+00
  9.807000E+05  1.000000E-35  0.00E+00
  9.821000E+05  1.000000E-35  0.00E+00
  9.835000E+05  1.000000E-35  0.00E+00
  9.849000E+05  1.000000E-35  0.00E+00
  9.863000E+05  1.000000E-35  0.00E+00
  9.877000E+05  1.000000E-35  0.00E+00
  9.891000E+05  1.000000E-35  0.00E+00
  9.905000E+05  1.000000E-35  0.00E+00
  9.919000E+05  1.000000E-35  0.00E+00
  9.933000E+05  1.000000E-35  0.00E+00
  9.947000E+05  1.000000E-35  0.00E+00
  9.961000E+05  1.000000E-35  0.00E+00
  9.975000E+05  1.000000E-35  0.00E+00
  9.989000E+05  1.000000E-35  0.00E+00
  1.000300E+06  1.000000E-35  0.00E+00
  1.001700E+06  1.000000E-35  0.00E+00
  1.003100E+06  1.000000E-35  0.00E+00
  1.004500E+06  1.000000E-35  0.00E+00
  1.005900E+06  1.000000E-35  0.00E+00
  1.007300E+06  1.000000E-35  0.00E+00
  1.008700E+06  1.000000E-35  0.00E+00
  1.010100E+06  1.000000E-35  0.00E+00
  1.011500E+06  1.000000E-35  0.00E+00
  1.012900E+06  1.000000E-35  0.00E+00
  1.014300E+06  1.000000E-35  0.00E+00
  1.015700E+06  1.000000E-35  0.00E+00
  1.017100E+06  1.000000E-35  0.00E+00
  1.018500E+06  1.000000E-35  0.00E+00
  1.019900E+06  1.000000E-35  0.00E+00
  1.021300E+06  1.000000E-35  0.00E+00
  1.022700E+06  1.000000E-35  0.00E+00
  1.024100E+06  1.000000E-35  0.00E+00
  1.025500E+06  1.000000E-35  0.00E+00
  1.026900E+06  1.000000E-35  0.00E+00
  1.028300E+06  1.000000E-35  0.00E+00
  1.029700E+06  1.000000E-35  0.00E+00
  1.031100E+06  1.000000E-35  0.00E+00
  1.032500E+06  1.000000E-35  0.00E+00
  1.033900E+06  1.000000E-35  0.00E+00
  1.035300E+06  1.000000E-35  0.00E+00
  1.036700E+06  1.000000E-35  0.00E+00
  1.038100E+06  1.000000E-35  0.00E+00
  1.039500E+06  1.000000E-35  0.00E+00
  1.040900E+06  1.000000E-35  0.00E+00
  1.042300E+06  1.000000E-35  0.00E+00
  1.043700E+06  1.000000E-35  0.00E+00
  1.045100E+06  1.000000E-35  0.00E+00
  1.046500E+06  1.000000E-35  0.00E+00
  1.047900E+06  1.000000E-35  0.00E+00
  1.049300E+06  1.000000E-35  0.00E+00
  1.050700E+06  1.000000E-35  0.00E+00
  1.052100E+06  1.000000E-35  0.00E+00
  1.053500E+06  1.000000E-35  0.00E+00
  1.054900E+06  1.000000E-35  0.00E+00
  1.056300E+06  1.000000E-35  0.00E+00
  1.057700E+06  1.000000E-35  0.00E+00
  1.059100E+06  1.000000E-35  0.00E+00
  1.060500E+06  1.000000E-35  0.00E+00
  1.061900E+06  1.000000E-35  0.00E+00
  1.063300E+06  1.000000E-35  0.00E+00
  1.064700E+06  1.000000E-35  0.00E+00
  1.066100E+06  1.000000E-35  0.00E+00
  1.067500E+06  1.000000E-35  0.00E+00
  1.068900E+06  1.000000E-35  0.00E+00
  1.070300E+06  1.000000E-35  0.00E+00
  1.071700E+06  1.000000E-35  0.00E+00
  1.073100E+06  1.000000E-35  0.00E+00
  1.074500E+06  1.000000E-35  0.00E+00
  1.075900E+06  1.000000E-35  0.00E+00
  1.077300E+06  1.000000E-35  0.00E+00
  1.078700E+06  1.000000E-35  0.00E+00
  1.080100E+06  1.000000E-35  0.00E+00
  1.081500E+06  1.000000E-35  0.00E+00
  1.082900E+06  1.000000E-35  0.00E+00
  1.084300E+06  1.000000E-35  0.00E+00
  1.085700E+06  1.000000E-35  0.00E+00
  1.087100E+06  1.000000E-35  0.00E+00
  1.088500E+06  1.000000E-35  0.00E+00
  1.089900E+06  1.000000E-35  0.00E+00
  1.091300E+06  1.000000E-35  0.00E+00
  1.092700E+06  1.000000E-35  0.00E+00
  1.094100E+06  1.000000E-35  0.00E+00
  1.095500E+06  1.000000E-35  0.00E+00
  1.096900E+06  1.000000E-35  0.00E+00
  1.098300E+06  1.000000E-35  0.00E+00
  1.099700E+06  1.000000E-35  0.00E+00
  1.101100E+06  1.000000E-35  0.00E+00
  1.102500E+06  1.000000E-35  0.00E+00
  1.103900E+06  1.000000E-35  0.00E+00
  1.105300E+06  1.000000E-35  0.00E+00
  1.106700E+06  1.000000E-35  0.00E+00
  1.108100E+06  1.000000E-35  0.00E+00
  1.109500E+06  1.000000E-35  0.00E+00
  1.110900E+06  1.000000E-35  0.00E+00
  1.112300E+06  1.000000E-35  0.00E+00
  1.113700E+06  1.000000E-35  0.00E+00
  1.115100E+06  1.000000E-35  0.00E+00
  1.116500E+06  1.000000E-35  0.00E+00
  1.117900E+06  1.000000E-35  0.00E+00
  1.119300E+06  1.000000E-35  0.00E+00
  1.120700E+06  1.000000E-35  0.00E+00
  1.122100E+06  1.000000E-35  0.00E+00
  1.123500E+06  1.000000E-35  0.00E+00
  1.124900E+06  1.000000E-35  0.00E+00
  1.126300E+06  1.000000E-35  0.00E+00
  1.127700E+06  1.000000E-35  0.00E+00
  1.129100E+06  1.000000E-35  0.00E+00
  1.130500E+06  1.000000E-35  0.00E+00
  1.131900E+06  1.000000E-35  0.00E+00
  1.133300E+06  1.000000E-35  0.00E+00
  1.134700E+06  1.000000E-35  0.00E+00
  1.136100E+06  1.000000E-35  0.00E+00
  1.137500E+06  1.000000E-35  0.00E+00
  1.138900E+06  1.000000E-35  0.00E+00
  1.140300E+06  1.000000E-35  0.00E+00
  1.141700E+06  1.000000E-35  0.00E+00
  1.143100E+06  1.000000E-35  0.00E+00
  1.144500E+06  1.000000E-35  0.00E+00
  1.145900E+06  1.000000E-35  0.00E+00
  1.147300E+06  1.000000E-35  0.00E+00
  1.148700E+06  1.000000E-35  0.00E+00
  1.150100E+06  1.000000E-35  0.00E+00
  1.151500E+06  1.000000E-35  0.00E+00
  1.152900E+06  1.000000E-35  0.00E+00
  1.154300E+06  1.000000E-35  0.00E+00
  1.155700E+06  1.000000E-35  0.00E+00
  1.157100E+06  1.000000E-35  0.00E+00
  1.158500E+06  1.000000E-35  0.00E+00
  1.159900E+06  1.000000E-35  0.00E+00
  1.161300E+06  1.000000E-35  0.00E+00
  1.162700E+06  1.000000E-35  0.00E+00
  1.164100E+06  1.000000E-35  0.00E+00
  1.165500E+06  1.000000E-35  0.00E+00
  1.166900E+06  1.000000E-35  0.00E+00
  1.168300E+06  1.000000E-35  0.00E+00
  1.169700E+06  1.000000E-35  0.00E+00
  1.171100E+06  1.000000E-35  0.00E+00
  1.172500E+06  1.000000E-35  0.00E+00
  1.173900E+06  1.000000E-35  0.00E+00
  1.175300E+06  1.000000E-35  0.00E+00
  1.176700E+06  1.000000E-35  0.00E+00
  1.178100E+06  1.000000E-35  0.00E+00
  1.179500E+06  1.000000E-35  0.00E+00
  1.180900E+06  1.000000E-35  0.00E+00
  1.182300E+06  1.000000E-35  0.00E+00
  1.183700E+06  1.000000E-35  0.00E+00
  1.185100E+06  1.000000E-35  0.00E+00
  1.186500E+06  1.000000E-35  0.00E+00
  1.187900E+06  1.000000E-35  0.00E+00
  1.189300E+06  1.000000E-35  0.00E+00
  1.190700E+06  1.000000E-35  0.00E+00
  1.192100E+06  1.000000E-35  0.00E+00
  1.193500E+06  1.000000E-35  0.00E+00
  1.194900E+06  1.000000E-35  0.00E+00
  1.196300E+06  1.000000E-35  0.00E+00
  1.197700E+06  1.000000E-35  0.00E+00
  1.199100E+06  1.000000E-35  0.00E+00
  1.200500E+06  1.000000E-35  0.00E+00
  1.201900E+06  1.000000E-35  0.00E+00
  1.203300E+06  1.000000E-35  0.00E+00
  1.204700E+06  1.000000E-35  0.00E+00
  1.206100E+06  1.000000E-35  0.00E+00
  1.207500E+06  1.000000E-35  0.00E+00
  1.208900E+06  1.000000E-35  0.00E+00
  1.210300E+06  1.000000E-35  0.00E+00
  1.211700E+06  1.000000E-35  0.00E+00
  1.213100E+06  1.000000E-35  0.00E+00
  1.214500E+06  1.000000E-35  0.00E+00
  1.215900E+06  1.000000E-35  0.00E+00
  1.217300E+06  1.000000E-35  0.00E+00
  1.218700E+06  1.000000E-35  0.00E+00
  1.220100E+06  1.000000E-35  0.00E+00
  1.221500E+06  1.000000E-35  0.00E+00
  1.222900E+06  1.000000E-35  0.00E+00
  1.224300E+06  1.000000E-35  0.00E+00
  1.225700E+06  1.000000E-35  0.00E+00
  1.227100E+06  1.000000E-35  0.00E+00
  1.228500E+06  1.000000E-35  0.00E+00
  1.229900E+06  1.000000E-35  0.00E+00
  1.231300E+06  1.000000E-35  0.00E+00
  1.232700E+06  1.000000E-35  0.00E+00
  1.234100E+06  1.000000E-35  0.00E+00
  1.235500E+06  1.000000E-35  0.00E+00
  1.236900E+06  1.000000E-35  0.00E+00
  1.238300E+06  1.000000E-35  0.00E+00
  1.239700E+06  1.000000E-35  0.00E+00
  1.241100E+06  1.000000E-35  0.00E+00
  1.242500E+06  1.000000E-35  0.00E+00
  1.243900E+06  1.000000E-35  0.00E+00
  1.245300E+06  1.000000E-35  0.00E+00
  1.246700E+06  1.000000E-35  0.00E+00
  1.248100E+06  1.000000E-35  0.00E+00
  1.249500E+06  1.000000E-35  0.00E+00
  1.250900E+06  1.000000E-35  0.00E+00
  1.252300E+06  1.000000E-35  0.00E+00
  1.253700E+06  1.000000E-35  0.00E+00
  1.255100E+06  1.000000E-35  0.00E+00
  1.256500E+06  1.000000E-35  0.00E+00
  1.257900E+06  1.000000E-35  0.00E+00
  1.259300E+06  1.000000E-35  0.00E+00
  1.260700E+06  1.000000E-35  0.00E+00
  1.262100E+06  1.000000E-35  0.00E+00
  1.263500E+06  1.000000E-35  0.00E+00
  1.264900E+06  1.000000E-35  0.00E+00
  1.266300E+06  1.000000E-35  0.00E+00
  1.267700E+06  1.000000E-35  0.00E+00
  1.269100E+06  1.000000E-35  0.00E+00
  1.270500E+06  1.000000E-35  0.00E+00
  1.271900E+06  1.000000E-35  0.00E+00
  1.273300E+06  1.000000E-35  0.00E+00
  1.274700E+06  1.000000E-35  0.00E+00
  1.276100E+06  1.000000E-35  0.00E+00
  1.277500E+06  1.000000E-35  0.00E+00
  1.278900E+06  1.000000E-35  0.00E+00
  1.280300E+06  1.000000E-35  0.00E+00
  1.281700E+06  1.000000E-35  0.00E+00
  1.283100E+06  1.000000E-35  0.00E+00
  1.284500E+06  1.000000E-35  0.00E+00
  1.285900E+06  1.000000E-35  0.00E+00
  1.287300E+06  1.000000E-35  0.00E+00
  1.288700E+06  1.000000E-35  0.00E+00
  1.290100E+06  1.000000E-35  0.00E+00
  1.291500E+06  1.000000E-35  0.00E+00
  1.292900E+06  1.000000E-35  0.00E+00
  1.294300E+06  1.000000E-35  0.00E+00
  1.295700E+06  1.000000E-35  0.00E+00
  1.297100E+06  1.000000E-35  0.00E+00
  1.298500E+06  1.000000E-35  0.00E+00
  1.299900E+06  1.000000E-35  0.00E+00
  1.301300E+06  1.000000E-35  0.00E+00
  1.302700E+06  1.000000E-35  0.00E+00
  1.304100E+06  1.000000E-35  0.00E+00
  1.305500E+06  1.000000E-35  0.00E+00
  1.306900E+06  1.000000E-35  0.00E+00
  1.308300E+06  1.000000E-35  0.00E+00
  1.309700E+06  1.000000E-35  0.00E+00
  1.311100E+06  1.000000E-35  0.00E+00
  1.312500E+06  1.000000E-35  0.00E+00
  1.313900E+06  1.000000E-35  0.00E+00
  1.315300E+06  1.000000E-35  0.00E+00
  1.316700E+06  1.000000E-35  0.00E+00
  1.318100E+06  1.000000E-35  0.00E+00
  1.319500E+06  1.000000E-35  0.00E+00
  1.320900E+06  1.000000E-35  0.00E+00
  1.322300E+06  1.000000E-35  0.00E+00
  1.323700E+06  1.000000E-35  0.00E+00
  1.325100E+06  1.000000E-35  0.00E+00
  1.326500E+06  1.000000E-35  0.00E+00
  1.327900E+06  1.000000E-35  0.00E+00
  1.329300E+06  1.000000E-35  0.00E+00
  1.330700E+06  1.000000E-35  0.00E+00
  1.332100E+06  1.000000E-35  0.00E+00
  1.333500E+06  1.000000E-35  0.00E+00
  1.334900E+06  1.000000E-35  0.00E+00
  1.336300E+06  1.000000E-35  0.00E+00
  1.337700E+06  1.000000E-35  0.00E+00
  1.339100E+06  1.000000E-35  0.00E+00
  1.340500E+06  1.000000E-35  0.00E+00
  1.341900E+06  1.000000E-35  0.00E+00
  1.343300E+06  1.000000E-35  0.00E+00
  1.344700E+06  1.000000E-35  0.00E+00
  1.346100E+06  1.000000E-35  0.00E+00
  1.347500E+06  1.000000E-35  0.00E+00
  1.348900E+06  1.000000E-35  0.00E+00
  1.350300E+06  1.000000E-35  0.00E+00
  1.351700E+06  1.000000E-35  0.00E+00
  1.353100E+06  1.000000E-35  0.00E+00
  1.354500E+06  1.000000E-35  0.00E+00
  1.355900E+06  1.000000E-35  0.00E+00
  1.357300E+06  1.000000E-35  0.00E+00
  1.358700E+06  1.000000E-35  0.00E+00
  1.360100E+06  1.000000E-35  0.00E+00
  1.361500E+06  1.000000E-35  0.00E+00
  1.362900E+06  1.000000E-35  0.00E+00
  1.364300E+06  1.000000E-35  0.00E+00
  1.365700E+06  1.000000E-35  0.00E+00
  1.367100E+06  1.000000E-35  0.00E+00
  1.368500E+06  1.000000E-35  0.00E+00
  1.369900E+06  1.000000E-35  0.00E+00
  1.371300E+06  1.000000E-35  0.00E+00
  1.372700E+06  1.000000E-35  0.00E+00
  1.374100E+06  1.000000E-35  0.00E+00
  1.375500E+06  1.000000E-35  0.00E+00
  1.376900E+06  1.000000E-35  0.00E+00
  1.378300E+06  1.000000E-35  0.00E+00
  1.379700E+06  1.000000E-35  0.00E+00
  1.381100E+06  1.000000E-35  0.00E+00
  1.382500E+06  1.000000E-35  0.00E+00
  1.383900E+06  1.000000E-35  0.00E+00
  1.385300E+06  1.000000E-35  0.00E+00
  1.386700E+06  1.000000E-35  0.00E+00
  1.388100E+06  1.000000E-35  0.00E+00
  1.389500E+06  1.000000E-35  0.00E+00
  1.390900E+06  1.000000E-35  0.00E+00
  1.392300E+06  1.000000E-35  0.00E+00
  1.393700E+06  1.000000E-35  0.00E+00
  1.395100E+06  1.000000E-35  0.00E+00
  1.396500E+06  1.000000E-35  0.00E+00
  1.397900E+06  1.000000E-35  0.00E+00
  1.399300E+06  1.000000E-35  0.00E+00
