$SPEC_ID:
No sample description was entered.
$SPEC_REM:
DET# 1
DETDESC# FD656FB229EA444 Easy-MCA-2k SN 16349062
AP# Maestro Version 7.01
$DATE_MEA:
03/18/2026 07:19:57
$MEAS_TIM:
523 524
$DATA:
0 1023
       0
      10
       7
      21
     715
     563
     418
     295
     255
     205
     244
     229
     211
     239
     273
     232
     245
     266
     279
     296
     374
     452
     732
    1204
    1793
    2224
    2304
    2038
    1639
    1140
     777
     551
     459
     406
     324
     351
     319
     289
     355
     291
     296
     300
     285
     301
     308
     296
     337
     327
     297
     322
     351
     351
     389
     386
     441
     485
     553
     560
     644
     645
     604
     592
     583
     563
     566
     530
     481
     499
     426
     398
     420
     391
     401
     373
     394
     353
     349
     366
     355
     385
     379
     371
     372
     372
     364
     383
     367
     353
     371
     348
     358
     384
     368
     406
     343
     362
     358
     379
     367
     356
     335
     359
     358
     318
     353
     343
     357
     348
     363
     378
     357
     312
     328
     365
     302
     366
     336
     351
     355
     329
     320
     318
     335
     325
     345
     360
     332
     332
     355
     342
     315
     361
     345
     384
     391
     368
     376
     375
     412
     407
     403
     394
     418
     435
     429
     352
     416
     429
     394
     349
     371
     341
     348
     348
     372
     358
     335
     351
     327
     304
     307
     335
     347
     306
     330
     334
     322
     332
     313
     330
     322
     333
     326
     348
     317
     329
     336
     325
     299
     334
     311
     302
     304
     312
     333
     297
     303
     294
     312
     333
     326
     314
     314
     317
     321
     292
     295
     287
     315
     281
     286
     324
     319
     278
     309
     323
     320
     301
     307
     295
     286
     291
     317
     255
     285
     291
     264
     260
     275
     283
     294
     292
     274
     284
     288
     258
     267
     243
     279
     267
     267
     270
     254
     285
     277
     294
     282
     297
     271
     259
     248
     274
     291
     266
     247
     272
     296
     258
     265
     263
     272
     254
     267
     258
     261
     257
     229
     273
     276
     250
     258
     273
     252
     258
     249
     272
     281
     246
     250
     269
     227
     262
     247
     258
     250
     235
     233
     230
     248
     249
     242
     245
     245
     262
     247
     247
     241
     260
     256
     250
     208
     255
     266
     273
     233
     238
     273
     260
     278
     247
     234
     253
     248
     247
     264
     231
     224
     239
     232
     236
     223
     235
     236
     225
     218
     247
     217
     257
     226
     245
     223
     221
     217
     237
     219
     232
     213
     191
     194
     200
     181
     212
     191
     179
     180
     172
     128
     172
     127
     142
     165
     137
     126
     127
     111
     117
     131
     112
     109
     106
      98
     112
     101
      97
      93
      94
      87
      88
      67
      79
      68
      61
      69
      67
      74
      73
      85
      71
      62
      75
      62
      62
      49
      61
      51
      75
      55
      59
      53
      41
      51
      55
      49
      42
      44
      52
      59
      40
      35
      47
      41
      39
      42
      48
      40
      43
      38
      34
      39
      28
      37
      33
      31
      40
      44
      40
      32
      33
      47
      44
      55
      48
      40
      52
      45
      35
      30
      50
      44
      51
      54
      53
      62
      56
      68
      81
      94
     110
     105
     129
     121
     143
     163
     157
     160
     186
     227
     247
     265
     257
     311
     355
     373
     412
     384
     458
     447
     570
     525
     572
     611
     699
     670
     767
     816
     760
     848
     888
     920
     946
     991
     998
    1072
    1101
    1081
    1103
    1146
    1123
    1162
    1126
    1095
    1124
    1164
    1123
    1095
    1090
    1057
    1050
    1016
    1029
     950
     882
     823
     812
     822
     710
     732
     655
     621
     566
     526
     463
     451
     407
     359
     333
     331
     296
     265
     227
     204
     200
     156
     166
     123
     129
     107
      81
      67
      68
      55
      60
      38
      37
      37
      31
      21
      21
      16
      21
      16
      18
      18
      10
      11
      11
       3
      10
       6
      10
      11
      16
       9
       7
      13
      11
      10
      12
       4
       7
       9
      11
       7
       8
       7
      11
      10
      10
       9
       9
      10
       5
       6
       7
       9
       5
       7
      10
       3
       4
       6
       5
       8
       9
      13
       7
      16
       5
       6
       8
       6
       5
      12
      15
       9
       6
       9
       4
      10
       5
       4
       7
       4
      10
      11
       6
       7
       7
       5
       7
       6
       9
       3
       8
       6
       6
       7
       7
      10
       7
      12
       2
       4
      12
       8
       2
       9
       9
       9
      15
      11
       8
       8
       5
       9
       7
       5
       5
       7
      14
       7
      11
      10
       5
       9
       7
       7
       8
       6
       8
      11
       6
       4
       7
       4
       8
       5
       4
       6
       4
       7
       2
       7
       6
       5
      10
       8
       6
       2
       9
       3
       8
       6
       5
       3
       9
       4
       8
       8
       5
      10
       9
      12
       6
       8
      15
       4
      11
       8
       9
       6
       4
      11
      11
       4
       6
       7
       8
       7
       8
       7
       8
       3
       7
       7
       7
      11
       6
       7
       9
       4
      10
       5
       8
       5
       5
       7
       4
       9
       4
       3
       7
       6
       7
       5
       5
       8
       6
       4
       8
       5
       6
       6
       4
       2
       6
       6
      10
       6
      15
       9
       4
       6
       9
       6
       9
       8
      10
       4
       6
       5
       8
       5
       3
       1
       2
       5
       5
       3
       6
      10
       5
       3
       4
       7
       9
       8
       8
       8
       8
       9
       5
       4
       4
       7
       6
       4
       5
       4
       4
       3
      11
       7
       4
       3
       7
       1
       3
       8
       3
       5
       9
      10
       6
       9
       5
       5
      11
      13
       4
       5
       5
       6
       2
       9
       2
      10
       6
       6
       8
       4
       1
       6
       4
       9
       5
       6
       4
       9
       3
      11
       9
       6
       4
       4
       3
       6
       5
       4
       4
       2
       9
       5
       5
       2
       3
       3
       5
       3
       5
       7
       5
       7
       2
       8
       4
       3
       4
       5
       3
       2
       9
       3
       3
       2
       3
       3
       3
       9
       4
       4
       2
       6
       6
       1
       9
       6
       8
       5
       4
       4
       4
       6
       5
       3
       5
       0
       2
       5
       2
       3
       5
       6
       2
       6
       3
       4
       4
       4
       7
       4
       5
       5
       6
       5
       3
       5
       3
       5
       5
       4
       4
       2
       2
       1
       4
       0
       2
       1
       0
       1
       2
       3
       3
       4
       3
       2
       3
       2
       4
       3
       5
       4
       3
       6
       1
       5
       4
       4
       1
       2
       2
       1
       2
       3
       2
       4
       4
       8
       3
       5
       2
       5
       4
       4
       6
       3
       4
       2
       4
       5
       2
       1
       6
       4
       3
       2
       0
       3
       2
       5
       4
       2
       2
       2
       2
       6
       1
       4
       1
       4
       3
       1
       0
       0
       0
       0
       0
       0
       0
       0
       0
       0
       0
       0
       0
       0
       0
       0
       0
       0
       0
       0
       0
       0
       0
       0
       0
       0
       0
       0
       0
       0
       0
       0
       0
       0
       0
       0
       0
       0
       0
       0
       0
       0
       0
       0
       0
       0
       0
       0
       0
       0
       0
       0
       0
       0
       0
       0
       0
       0
       0
       0
       0
       0
       0
       0
       0
       0
       0
       0
       0
       0
       0
$ROI:
1
417 523
$PRESETS:
None
0
0
$ENER_FIT:
-23.114153 1.716598
$MCA_CAL:
3
-2.311415E+001 1.716598E+000 0.000000E+000 KeV
$SHAPE_CAL:
3
1.710471E+001 3.569806E-002 0.000000E+000
