$SPEC_ID:
No sample description was entered.
$SPEC_REM:
DET# 1
DETDESC# FD656FB229EA444 Easy-MCA-2k SN 16349062
AP# Maestro Version 7.01
$DATE_MEA:
03/17/2026 07:30:45
$MEAS_TIM:
467 469
$DATA:
0 1023
       0
      19
      21
     331
    9541
    3004
    1260
     624
     404
     362
     369
     376
     418
     455
     471
     487
     505
     586
     740
    1201
    1942
    3222
    4084
    4122
    3649
    2533
    1813
    1244
     905
     668
     610
     578
     571
     547
     514
     530
     494
     526
     485
     494
     496
     569
     517
     533
     525
     566
     656
     730
     790
     895
     949
    1002
     983
     971
     943
     929
     842
     819
     794
     731
     760
     679
     695
     619
     622
     590
     561
     553
     547
     512
     548
     535
     525
     534
     536
     570
     546
     522
     539
     520
     499
     551
     532
     512
     523
     547
     502
     545
     519
     541
     555
     530
     528
     471
     493
     536
     561
     519
     521
     515
     508
     505
     535
     497
     523
     494
     468
     485
     495
     505
     538
     518
     503
     545
     555
     549
     523
     566
     579
     573
     574
     576
     576
     628
     618
     575
     566
     578
     511
     550
     547
     543
     577
     575
     580
     541
     559
     497
     546
     530
     517
     504
     531
     549
     526
     521
     519
     563
     533
     542
     575
     522
     552
     554
     507
     544
     527
     546
     550
     540
     569
     519
     536
     520
     545
     484
     509
     558
     556
     562
     578
     564
     498
     506
     552
     527
     520
     520
     493
     482
     518
     569
     512
     468
     525
     492
     506
     535
     532
     494
     519
     515
     523
     496
     460
     524
     486
     486
     490
     459
     447
     507
     472
     483
     483
     484
     434
     457
     478
     485
     441
     451
     466
     455
     480
     466
     462
     460
     469
     481
     464
     396
     472
     465
     451
     476
     424
     453
     464
     467
     451
     428
     447
     417
     431
     444
     431
     438
     433
     436
     427
     413
     442
     452
     436
     427
     417
     403
     400
     415
     428
     430
     435
     431
     400
     427
     441
     392
     385
     408
     434
     415
     417
     399
     410
     425
     424
     420
     444
     410
     381
     408
     417
     423
     389
     402
     372
     391
     362
     403
     399
     360
     350
     369
     373
     326
     334
     323
     338
     296
     325
     311
     311
     256
     262
     258
     258
     235
     207
     210
     237
     232
     210
     202
     176
     194
     177
     164
     155
     175
     146
     154
     149
     122
     126
     126
     111
     111
     113
     101
     101
     107
      94
     116
      99
     100
      87
      97
      84
     101
      74
      72
      65
      73
      72
      68
      71
      75
      65
      69
      68
      65
      53
      52
      61
      54
      42
      47
      70
      47
      66
      63
      73
      56
      49
      58
      60
      72
      71
      71
      66
      69
      68
      85
     104
      95
      95
     111
     119
     116
     144
     146
     174
     188
     210
     247
     259
     325
     319
     304
     359
     370
     399
     470
     541
     560
     607
     650
     774
     789
     858
     891
     953
    1019
    1048
    1064
    1199
    1204
    1339
    1338
    1349
    1492
    1507
    1557
    1611
    1702
    1713
    1698
    1683
    1757
    1818
    1782
    1734
    1752
    1727
    1755
    1749
    1651
    1718
    1613
    1635
    1492
    1481
    1434
    1390
    1317
    1320
    1188
    1140
    1047
    1013
     941
     882
     830
     785
     734
     630
     580
     581
     530
     477
     444
     421
     383
     318
     303
     297
     247
     244
     194
     175
     173
     152
     138
     123
     120
     101
      87
      78
      77
      78
      58
      57
      57
      58
      49
      38
      32
      33
      21
      39
      33
      33
      23
      17
      14
      27
      19
      22
      21
      15
      19
      10
      14
      18
      14
      13
       7
       9
       2
      16
      14
      15
      15
      10
       9
      14
      16
      15
      15
       8
      10
       9
       8
       8
      10
       7
      16
       9
       9
       9
       9
       6
      11
      10
      10
       5
       9
       8
       8
      12
       9
       9
       8
       8
       5
       9
       3
      10
       6
      15
       5
       1
       9
       3
      11
       8
       6
      11
      13
      10
       1
       3
       8
      13
       5
      10
       5
       9
       5
      13
       6
      11
       8
      10
      10
      10
       2
       7
      11
      11
       5
       9
       5
       6
       8
       8
       7
       6
       8
       9
       7
       7
      14
       7
       6
      10
       7
      10
       6
       6
      11
       8
      15
       5
       8
       7
       8
       5
       4
      11
       3
       6
       7
       5
       9
       9
      10
       8
       6
       8
       4
       7
       9
       6
      10
       8
       7
       7
       2
      11
       7
       3
      11
       2
       7
       8
       4
       9
       5
       7
       6
       8
       4
       5
       6
       4
       9
       2
       3
       7
       7
       8
       3
       5
       2
       7
       2
       6
       7
       8
       3
       5
       7
       3
       2
       4
       4
       7
       3
       7
       2
       6
       7
       3
       7
       6
       8
       9
       4
       6
      10
       6
       4
       4
       5
       4
       5
       8
       6
       8
       7
       7
       1
       5
       5
       5
       3
       7
       6
       7
       6
       5
       7
      11
       7
       8
       8
       9
       5
       5
       1
       4
       7
       2
       6
       5
       1
       2
       5
       5
      11
       9
       7
       3
       6
       5
       3
       3
       3
       4
       5
       2
       4
       2
       5
       4
       5
       2
       2
       7
       3
       3
       2
       2
       5
       5
       3
       6
       9
       3
       4
       5
      10
       5
       7
       6
       1
       4
       2
       4
       6
       1
       6
       3
       5
       7
       7
       4
       8
       8
       6
       6
       2
       3
       2
       5
       5
       5
       6
       5
       4
       3
       2
       5
       4
       4
       2
       1
       2
       5
       2
       2
       5
       3
       2
       2
       4
       4
       3
       3
       2
       4
       2
       4
       3
       2
       3
       9
       3
       5
       5
       1
       3
       5
       6
       3
       3
       2
       0
       2
       6
       3
       5
       6
       3
       1
       3
       3
       3
       2
       2
       2
       5
       2
       1
       3
       4
       3
       2
       0
       7
       3
       2
       3
       3
       4
       2
       4
       1
       0
       4
       2
       1
       0
       6
       1
       2
       8
       1
       4
       4
       0
       1
       2
       2
       2
       6
       3
       4
       3
       3
       3
       3
       4
       3
       1
       8
       5
       5
       4
       4
       6
       2
       3
       4
       9
       8
       4
       5
       2
       7
       4
       4
       6
       2
       3
       3
       2
       4
       8
       5
      10
       7
       4
       8
       4
       6
       7
       5
       4
       4
       5
       5
       5
       4
       1
       7
       6
       6
       6
       3
       8
       2
       8
       3
       5
       5
       2
       1
       1
       4
       4
       4
       3
       3
       2
       3
       5
       2
       0
       4
       3
       1
       4
       8
       2
       3
       1
       3
       3
       4
       1
       0
       4
       2
       2
       4
       3
       1
       1
       4
       2
       0
       1
       4
       3
       2
       4
       1
       4
       1
       1
       0
       0
       0
       0
       0
       0
       0
       0
       0
       0
       0
       0
       0
       0
       0
       0
       0
       0
       0
       0
       0
       0
       0
       0
       0
       0
       0
       0
       0
       0
       0
       0
       0
       0
       0
       0
       0
       0
       0
       0
       0
       0
       0
       0
       0
       0
       0
       0
       0
       0
       0
       0
       0
       0
       0
       0
       0
       0
       0
       0
       0
       0
       0
       0
       0
       0
       0
       0
       0
       0
       0
$ROI:
0
$PRESETS:
None
0
0
$ENER_FIT:
-23.114153 1.716598
$MCA_CAL:
3
-2.311415E+001 1.716598E+000 0.000000E+000 KeV
$SHAPE_CAL:
3
1.710471E+001 3.569806E-002 0.000000E+000
