$SPEC_ID:
No sample description was entered.
$SPEC_REM:
DET# 1
DETDESC# FD656FB229EA444 Easy-MCA-2k SN 16349062
AP# Maestro Version 7.01
$DATE_MEA:
03/17/2026 07:48:01
$MEAS_TIM:
452 453
$DATA:
0 1023
       0
       8
       6
      97
    1819
     690
     428
     255
     274
     288
     291
     283
     313
     321
     310
     355
     383
     442
     595
     967
    1613
    2292
    2859
    2852
    2329
    1696
    1070
     825
     577
     470
     427
     427
     430
     405
     418
     374
     386
     369
     409
     373
     412
     401
     400
     397
     435
     480
     518
     574
     659
     707
     787
     766
     780
     809
     704
     672
     645
     653
     602
     595
     540
     532
     507
     481
     461
     465
     469
     442
     465
     386
     424
     430
     422
     426
     459
     433
     445
     414
     442
     410
     415
     446
     414
     412
     421
     443
     411
     388
     440
     445
     415
     433
     421
     419
     391
     390
     410
     413
     398
     400
     380
     362
     422
     409
     399
     381
     425
     413
     372
     367
     403
     394
     435
     422
     433
     412
     460
     434
     458
     437
     465
     458
     484
     452
     473
     458
     461
     435
     490
     474
     450
     454
     431
     403
     467
     400
     416
     423
     386
     383
     387
     432
     405
     409
     400
     418
     388
     416
     378
     398
     406
     416
     410
     390
     405
     388
     385
     416
     414
     378
     373
     416
     393
     370
     417
     395
     380
     386
     383
     370
     398
     402
     392
     373
     378
     345
     385
     362
     383
     405
     382
     373
     379
     370
     387
     355
     379
     342
     370
     387
     379
     374
     374
     361
     366
     331
     323
     353
     385
     324
     373
     340
     353
     352
     356
     374
     391
     344
     349
     352
     356
     350
     325
     336
     353
     336
     333
     367
     337
     337
     338
     293
     327
     356
     305
     334
     305
     319
     324
     332
     318
     328
     321
     283
     318
     326
     338
     348
     326
     326
     317
     321
     300
     288
     334
     300
     310
     322
     331
     342
     331
     321
     319
     285
     285
     323
     318
     346
     334
     335
     288
     286
     351
     277
     341
     292
     312
     285
     332
     335
     336
     324
     318
     266
     295
     308
     310
     246
     273
     266
     260
     259
     275
     256
     245
     235
     241
     225
     267
     220
     216
     210
     178
     193
     183
     173
     167
     156
     161
     174
     158
     159
     156
     145
     130
     141
     109
     112
     120
     121
     120
     129
      93
      96
      98
      99
      97
     105
     101
      70
      80
      77
      69
      87
      72
      80
      73
      57
      66
      66
      61
      60
      69
      53
      53
      61
      44
      39
      47
      53
      46
      49
      37
      52
      46
      47
      56
      48
      49
      60
      44
      40
      53
      49
      55
      70
      53
      55
      72
      64
      69
      68
      78
      91
      99
     102
     113
     135
     150
     138
     166
     199
     197
     231
     268
     254
     281
     329
     363
     354
     401
     444
     454
     485
     566
     603
     655
     697
     673
     747
     737
     852
     832
     943
     942
     909
     988
    1039
    1069
    1094
    1108
    1121
    1093
    1122
    1174
    1173
    1111
    1146
    1183
    1166
    1173
    1106
    1136
    1083
    1074
    1047
    1049
     958
     974
     940
     902
     908
     875
     804
     776
     790
     714
     701
     688
     643
     587
     566
     500
     486
     452
     406
     420
     364
     331
     314
     292
     269
     268
     267
     218
     196
     145
     150
     141
     144
     132
     114
      87
     106
      83
      81
      74
      59
      62
      55
      42
      43
      45
      42
      23
      42
      26
      20
      21
      21
      16
      12
      10
      10
      13
      21
      14
      13
      11
       7
      11
       9
       6
       7
      11
      13
       9
      10
      13
      10
      10
      11
       6
       4
       6
      14
       4
      12
      10
       8
       7
       9
      11
       2
      13
      15
      12
      10
       6
       9
       9
       5
      10
       8
       5
       8
       9
       9
       6
       7
       9
       8
      11
      11
      13
      10
      10
       7
       9
      10
       5
      13
       3
       6
       8
       7
       5
      15
       7
      11
      11
       2
       5
      10
       6
       4
       6
      13
      13
       8
       4
       4
       7
       5
       8
       5
       5
       6
       5
      10
       6
      11
       4
       9
       8
       2
       9
       6
      10
       6
       6
       9
      13
       7
       7
      10
      10
       6
       6
       9
       9
       7
       5
       4
       5
       9
       7
      10
       9
       3
       5
       3
       5
      10
      12
       7
       5
       5
       4
       2
       6
       7
       2
       1
      10
       5
       5
       6
       2
       4
       5
       8
       5
       4
       3
       7
       7
       4
       6
       5
       4
       4
       7
       5
       1
      12
       5
       2
      11
       5
       4
       7
       5
       3
       6
       6
       7
       6
       5
       2
       9
       5
       3
       4
       4
      10
       7
      10
       5
       9
       6
       3
       7
       3
       9
       1
       5
       7
       8
       3
       9
       8
       7
       8
       7
       5
       4
       8
       6
      10
       1
       4
       8
       6
       4
       3
      10
       2
       3
       5
       6
       3
       2
       7
       9
       7
       2
      10
       4
       8
       6
       6
       4
       4
       7
       3
       7
       7
       3
       3
       1
       4
       9
       2
       3
       3
       6
       4
       6
       8
       4
       1
       4
       5
       2
       7
       6
       6
       3
       6
       3
       6
       4
       4
       2
       5
       2
       4
       5
       2
       5
       9
       3
       4
       2
       7
       4
       6
       5
       2
       3
       4
       5
       1
       8
       4
       1
       7
       6
       2
       3
       7
       2
       2
       6
       1
       4
       1
       6
       3
       5
       4
       0
       5
       4
       6
       4
       5
       1
       4
       4
       1
       4
       2
       1
       5
       2
       3
       3
       3
       4
       1
       8
       5
       2
       4
       4
       2
       3
       1
       1
       1
       4
       3
       2
       6
       3
       4
       5
       9
       1
       5
       1
       2
       3
       3
       0
       3
       5
       2
       3
       0
       1
       2
       1
       3
       5
       6
       2
       5
       6
       2
       8
       6
       5
       3
       1
       4
       2
       5
       5
       4
       2
       4
       1
       4
       4
       3
       1
       5
       3
       4
       4
       4
       4
       5
       5
       7
       4
       2
       6
       2
      11
       4
       4
       6
       4
       4
       4
       2
       6
       3
       1
      10
       4
       7
       1
       5
       3
       5
      10
       5
       5
       9
       2
       0
       4
       7
       4
       4
       3
       6
       3
       3
       4
       4
       4
       5
       5
       9
       7
       4
       5
       4
       2
       2
       4
       7
       4
       1
       3
       0
       5
       3
       3
       5
       3
       1
       3
       5
       2
       4
       3
       2
       2
       4
       2
       4
       2
       2
       2
       1
       1
       1
       4
       1
       2
       3
       4
       1
       1
       4
       3
       1
       3
       1
       2
       3
       3
       1
       2
       0
       1
       1
       5
       6
       3
       3
       1
       1
       4
       1
       2
       0
       0
       0
       0
       0
       0
       0
       0
       0
       0
       0
       0
       0
       0
       0
       0
       0
       0
       0
       0
       0
       0
       0
       0
       0
       0
       0
       0
       0
       0
       0
       0
       0
       0
       0
       0
       0
       0
       0
       0
       0
       0
       0
       0
       0
       0
       0
       0
       0
       0
       0
       0
       0
       0
       0
       0
       0
       0
       0
       0
       0
       0
       0
       0
       0
       0
       0
       0
       0
       0
       0
$ROI:
0
$PRESETS:
None
0
0
$ENER_FIT:
-23.114153 1.716598
$MCA_CAL:
3
-2.311415E+001 1.716598E+000 0.000000E+000 KeV
$SHAPE_CAL:
3
1.710471E+001 3.569806E-002 0.000000E+000
