$SPEC_ID:
No sample description was entered.
$SPEC_REM:
DET# 1
DETDESC# FD656FB229EA444 Easy-MCA-2k SN 16349062
AP# Maestro Version 7.01
$DATE_MEA:
03/17/2026 07:51:35
$MEAS_TIM:
560 574
$DATA:
0 1023
       0
     118
     699
    5222
   64038
    7898
    2485
    1754
    1665
    1543
    1537
    1530
    1507
    1587
    1633
    1656
    1724
    1638
    1663
    1745
    1695
    1793
    1724
    1770
    1748
    1697
    1865
    1822
    1855
    1934
    2005
    1944
    1977
    1897
    1918
    1900
    1876
    1918
    1876
    2070
    1949
    2086
    1935
    2131
    2246
    2297
    2466
    2669
    2924
    3186
    3387
    3586
    3672
    3571
    3511
    3219
    3104
    3011
    2817
    2733
    2527
    2481
    2303
    2200
    2055
    2037
    1993
    1950
    1830
    1820
    1902
    1902
    1767
    1826
    1823
    1803
    1835
    1856
    1842
    1815
    1880
    1847
    1847
    1832
    1765
    1823
    1822
    1901
    1885
    1871
    1790
    1889
    1871
    1848
    1899
    1895
    1864
    1861
    1866
    1868
    1929
    1851
    1801
    1840
    1914
    1889
    1915
    1859
    1822
    1931
    1856
    1917
    1871
    1901
    1907
    1787
    1847
    1854
    1879
    1839
    1970
    1975
    1945
    1987
    1953
    1928
    1975
    1916
    2006
    1986
    2062
    2167
    2096
    2179
    2191
    2176
    2165
    2250
    2259
    2287
    2309
    2263
    2339
    2294
    2285
    2263
    2262
    2265
    2326
    2217
    2257
    2352
    2281
    2186
    2231
    2208
    2157
    2270
    2210
    2117
    2181
    2156
    2196
    2211
    2208
    2156
    2236
    2251
    2161
    2258
    2214
    2238
    2202
    2279
    2149
    2198
    2241
    2259
    2282
    2170
    2189
    2280
    2314
    2327
    2239
    2194
    2254
    2144
    2270
    2219
    2321
    2218
    2303
    2228
    2285
    2379
    2230
    2236
    2285
    2322
    2284
    2278
    2294
    2311
    2241
    2255
    2312
    2176
    2193
    2227
    2172
    2214
    2210
    2214
    2166
    2244
    2182
    2172
    2159
    2087
    2144
    2048
    2060
    2064
    2121
    2078
    2091
    2055
    2089
    1986
    2014
    2052
    2072
    2049
    2063
    2092
    2078
    1966
    2161
    2010
    2001
    1985
    1970
    1892
    2015
    2007
    1932
    1963
    1990
    1919
    1935
    1859
    2009
    1890
    1942
    1949
    1869
    1882
    1926
    1887
    1809
    1808
    1852
    1849
    1854
    1815
    1813
    1850
    1792
    1751
    1814
    1771
    1779
    1817
    1801
    1775
    1783
    1727
    1830
    1794
    1797
    1758
    1802
    1794
    1773
    1711
    1711
    1701
    1686
    1662
    1635
    1621
    1711
    1706
    1649
    1686
    1685
    1590
    1704
    1661
    1621
    1564
    1631
    1637
    1659
    1634
    1708
    1594
    1639
    1571
    1606
    1536
    1637
    1691
    1678
    1654
    1638
    1589
    1563
    1562
    1653
    1613
    1626
    1613
    1573
    1588
    1614
    1495
    1612
    1635
    1486
    1575
    1566
    1569
    1590
    1531
    1580
    1615
    1528
    1576
    1518
    1477
    1502
    1463
    1519
    1461
    1479
    1457
    1473
    1486
    1430
    1486
    1442
    1492
    1445
    1460
    1493
    1474
    1511
    1458
    1449
    1364
    1427
    1370
    1430
    1440
    1417
    1408
    1508
    1435
    1383
    1395
    1416
    1449
    1412
    1407
    1383
    1381
    1417
    1462
    1414
    1384
    1406
    1404
    1345
    1348
    1313
    1406
    1371
    1394
    1447
    1389
    1419
    1406
    1391
    1359
    1416
    1358
    1383
    1415
    1380
    1354
    1340
    1338
    1349
    1423
    1360
    1396
    1398
    1404
    1434
    1412
    1413
    1404
    1311
    1370
    1427
    1349
    1376
    1415
    1461
    1356
    1368
    1378
    1333
    1393
    1406
    1491
    1330
    1417
    1402
    1360
    1423
    1369
    1427
    1442
    1418
    1393
    1388
    1329
    1399
    1389
    1407
    1406
    1459
    1417
    1322
    1435
    1404
    1393
    1348
    1404
    1441
    1395
    1436
    1394
    1431
    1397
    1431
    1467
    1447
    1465
    1424
    1409
    1457
    1462
    1420
    1504
    1416
    1482
    1413
    1417
    1470
    1439
    1469
    1508
    1498
    1447
    1430
    1493
    1478
    1454
    1467
    1446
    1427
    1441
    1475
    1491
    1442
    1511
    1506
    1498
    1538
    1534
    1524
    1527
    1385
    1528
    1560
    1518
    1525
    1574
    1530
    1586
    1551
    1510
    1597
    1620
    1572
    1543
    1550
    1552
    1538
    1548
    1650
    1560
    1595
    1577
    1624
    1612
    1588
    1575
    1603
    1619
    1663
    1635
    1671
    1596
    1578
    1636
    1587
    1633
    1586
    1610
    1608
    1623
    1680
    1621
    1688
    1606
    1623
    1618
    1667
    1600
    1606
    1678
    1717
    1694
    1624
    1661
    1585
    1583
    1669
    1531
    1593
    1643
    1598
    1580
    1627
    1615
    1502
    1637
    1556
    1566
    1500
    1551
    1527
    1574
    1440
    1528
    1494
    1529
    1446
    1491
    1480
    1464
    1462
    1519
    1507
    1488
    1465
    1450
    1432
    1397
    1346
    1398
    1394
    1412
    1345
    1323
    1361
    1314
    1242
    1316
    1267
    1276
    1320
    1322
    1285
    1290
    1270
    1226
    1245
    1260
    1181
    1190
    1179
    1216
    1189
    1198
    1206
    1098
    1177
    1183
    1077
    1139
    1142
    1146
    1102
    1172
    1114
    1139
    1130
    1084
    1152
    1083
    1090
    1071
    1069
    1128
    1093
    1061
    1090
    1081
    1075
    1090
    1039
    1085
    1025
    1018
    1111
    1068
    1033
    1053
    1069
    1079
    1037
    1040
    1091
    1142
    1137
    1126
    1144
    1078
    1067
    1095
    1130
    1162
    1191
    1126
    1174
    1150
    1206
    1195
    1201
    1220
    1266
    1327
    1291
    1290
    1278
    1426
    1437
    1443
    1421
    1457
    1441
    1534
    1523
    1516
    1690
    1642
    1662
    1668
    1704
    1686
    1845
    1797
    1831
    1891
    1939
    1943
    1928
    1975
    2041
    2051
    2099
    2078
    2092
    2164
    2133
    2182
    2131
    2227
    2290
    2266
    2218
    2217
    2315
    2362
    2342
    2299
    2410
    2304
    2347
    2384
    2393
    2321
    2366
    2398
    2285
    2287
    2242
    2270
    2220
    2270
    2242
    2252
    2251
    2211
    2185
    2211
    2094
    2094
    2091
    2071
    2023
    2019
    1864
    1847
    1834
    1882
    1835
    1806
    1836
    1704
    1698
    1687
    1760
    1656
    1665
    1631
    1543
    1637
    1599
    1577
    1534
    1551
    1558
    1451
    1478
    1486
    1493
    1493
    1528
    1506
    1502
    1512
    1565
    1444
    1585
    1559
    1489
    1545
    1527
    1508
    1502
    1576
    1546
    1574
    1581
    1605
    1561
    1600
    1693
    1603
    1628
    1644
    1639
    1739
    1719
    1762
    1754
    1754
    1767
    1892
    1707
    1789
    1767
    1783
    1725
    1842
    1737
    1832
    1745
    1779
    1758
    1723
    1791
    1751
    1690
    1750
    1785
    1684
    1770
    1674
    1744
    1690
    1593
    1621
    1726
    1659
    1616
    1623
    1639
    1626
    1513
    1473
    1532
    1502
    1556
    1408
    1395
    1425
    1319
    1347
    1301
    1368
    1216
    1305
    1233
    1215
    1174
    1127
    1121
    1134
    1108
    1046
    1008
    1023
    1006
     960
     951
     860
     883
     914
     928
     869
     868
     764
     759
     808
     750
     733
     685
     714
     730
     707
     638
     587
     627
     579
     600
     564
     518
     536
     499
     507
     469
     476
     446
     469
     466
     469
     430
     411
     409
     365
     392
     390
     386
     381
     375
     329
     339
     344
     297
     319
     324
     311
     281
     270
     241
     245
     235
     239
     250
     230
     221
     201
     188
     177
     205
     203
     184
     168
     150
     147
     147
     147
     151
     149
     133
     135
     118
     116
     111
     116
     106
     105
     100
     101
      84
      87
     101
     102
      81
      81
      86
      78
      68
      72
      66
      84
      67
      66
      67
      67
      68
      65
      55
      71
      28
       6
       3
       7
       4
       2
       2
       2
       2
       4
       2
       6
       1
       2
       0
       3
       0
       2
       0
       3
       2
       1
       1
       0
       1
       2
       1
       0
       0
       0
       2
       0
       0
       1
       0
       0
       0
       0
       0
       1
       0
       0
       0
       0
       0
       0
       0
       0
       1
       0
       0
       0
       0
       0
       0
       0
       0
       0
       0
       0
       0
       0
       0
       0
       0
       0
       0
       0
       0
       0
       0
       0
$ROI:
0
$PRESETS:
None
0
0
$ENER_FIT:
-23.114153 1.716598
$MCA_CAL:
3
-2.311415E+001 1.716598E+000 0.000000E+000 KeV
$SHAPE_CAL:
3
1.710471E+001 3.569806E-002 0.000000E+000
