$SPEC_ID:
No sample description was entered.
$SPEC_REM:
DET# 1
DETDESC# FD656FB229EA444 Easy-MCA-2k SN 16349062
AP# Maestro Version 7.01
$DATE_MEA:
03/23/2026 07:52:06
$MEAS_TIM:
444 448
$DATA:
0 1023
       0
      86
     216
     878
    6321
    1130
     763
     652
     700
     681
     652
     722
     707
     689
     696
     689
     736
     768
     773
     766
     737
     738
     794
     803
     787
     778
     781
     761
     789
     861
     873
     933
     887
     958
     834
     865
     876
     888
     788
     835
     851
     874
     871
     884
     904
     895
     959
     999
    1021
    1170
    1256
    1420
    1664
    1746
    1800
    1853
    1630
    1593
    1443
    1390
    1289
    1278
    1297
    1201
    1129
    1049
    1007
    1015
     894
     854
     895
     839
     862
     837
     889
     837
     864
     881
     858
     870
     845
     866
     904
     886
     836
     908
     918
     868
     862
     905
     843
     828
     867
     926
     909
     956
     903
     938
     924
     878
     895
     869
     863
     855
     922
     889
     874
     922
     904
     902
     849
     879
     854
     841
     952
     919
     876
     938
     851
     874
     869
     840
     896
     860
     888
     922
     886
     926
     888
     957
     951
     893
     910
     871
     941
     904
    1017
    1019
    1033
    1005
    1041
    1045
    1076
    1105
    1146
    1156
    1174
    1214
    1248
    1192
    1224
    1226
    1223
    1195
    1197
    1155
    1123
    1082
    1041
    1073
    1090
    1045
    1071
    1101
    1054
     980
    1066
     915
    1080
     956
     998
    1000
     979
    1012
     903
     968
     952
     986
     968
     862
     967
     938
     928
    1000
     973
     965
     969
     964
     997
     929
     901
     949
     916
     929
     988
     968
     957
     970
     944
     939
     887
     968
    1007
     975
     982
    1004
     948
     911
     948
     959
     974
     934
     948
     934
     944
     939
     969
     998
     961
     950
     899
     962
     898
     988
     960
     982
     916
     924
     919
     865
     938
     974
     903
     961
     955
     919
     894
     943
     887
     921
     908
     904
     911
     844
     923
     893
     810
     897
     914
     898
     853
     914
     864
     933
     856
     869
     853
     832
     888
     835
     878
     877
     880
     878
     853
     852
     879
     828
     793
     852
     848
     812
     823
     822
     858
     856
     868
     806
     803
     813
     824
     791
     771
     806
     795
     830
     780
     796
     786
     761
     804
     846
     766
     777
     797
     802
     767
     770
     751
     771
     809
     803
     778
     730
     837
     762
     738
     785
     740
     753
     775
     758
     772
     763
     792
     782
     772
     782
     753
     763
     807
     756
     757
     759
     790
     750
     796
     761
     782
     706
     735
     776
     791
     753
     800
     735
     758
     709
     762
     700
     698
     772
     757
     728
     740
     745
     655
     745
     741
     701
     734
     706
     707
     725
     738
     712
     699
     691
     658
     669
     704
     658
     646
     704
     701
     656
     680
     693
     666
     713
     711
     695
     656
     719
     651
     688
     686
     644
     647
     664
     655
     672
     679
     662
     653
     685
     647
     656
     643
     666
     607
     666
     676
     705
     684
     646
     597
     710
     695
     656
     699
     696
     712
     672
     662
     644
     648
     693
     593
     608
     602
     715
     660
     637
     636
     668
     661
     657
     661
     632
     666
     621
     662
     612
     649
     659
     593
     658
     670
     663
     680
     658
     690
     618
     681
     662
     656
     661
     654
     622
     624
     648
     656
     640
     610
     622
     642
     649
     667
     637
     680
     679
     640
     653
     643
     664
     642
     656
     639
     639
     629
     639
     657
     695
     619
     636
     685
     665
     603
     619
     687
     636
     656
     649
     618
     650
     692
     695
     671
     643
     631
     634
     634
     638
     655
     655
     649
     626
     666
     668
     632
     692
     662
     641
     622
     626
     666
     617
     662
     688
     691
     691
     661
     651
     642
     613
     625
     661
     711
     642
     657
     703
     636
     670
     664
     709
     754
     680
     678
     653
     712
     694
     673
     660
     715
     660
     696
     667
     653
     694
     717
     651
     648
     705
     714
     656
     733
     739
     740
     687
     722
     721
     713
     702
     676
     690
     725
     737
     729
     759
     714
     687
     740
     729
     722
     694
     706
     759
     760
     735
     740
     721
     722
     757
     710
     758
     697
     730
     752
     740
     758
     766
     775
     717
     765
     756
     779
     762
     736
     738
     748
     771
     693
     730
     708
     719
     768
     695
     688
     734
     726
     706
     721
     759
     708
     743
     682
     670
     684
     638
     690
     692
     680
     705
     631
     626
     641
     670
     653
     656
     660
     642
     592
     605
     622
     609
     600
     516
     531
     566
     560
     577
     540
     541
     543
     537
     574
     520
     556
     474
     536
     524
     492
     516
     456
     514
     497
     530
     472
     499
     495
     488
     450
     491
     469
     449
     463
     476
     468
     441
     477
     466
     458
     464
     437
     442
     453
     444
     455
     429
     434
     453
     442
     436
     434
     438
     471
     418
     440
     470
     432
     395
     407
     423
     441
     456
     421
     378
     436
     454
     420
     428
     407
     406
     433
     407
     370
     386
     416
     447
     367
     397
     437
     374
     368
     367
     407
     401
     365
     382
     400
     358
     406
     376
     364
     390
     400
     391
     388
     394
     431
     420
     432
     429
     465
     450
     522
     503
     478
     554
     577
     604
     649
     685
     683
     759
     769
     793
     798
     896
     901
    1010
     992
    1060
    1145
    1157
    1247
    1256
    1340
    1342
    1327
    1394
    1431
    1438
    1539
    1569
    1541
    1578
    1581
    1702
    1744
    1641
    1766
    1717
    1670
    1689
    1677
    1724
    1702
    1604
    1581
    1545
    1551
    1439
    1474
    1420
    1383
    1320
    1249
    1217
    1161
    1086
    1059
    1018
     954
     871
     847
     816
     730
     745
     686
     646
     564
     538
     492
     445
     404
     415
     357
     329
     337
     324
     270
     265
     236
     190
     205
     155
     218
     161
     174
     149
     155
     176
     161
     171
     178
     175
     170
     179
     206
     199
     225
     239
     235
     264
     288
     319
     324
     330
     395
     380
     391
     471
     476
     513
     553
     531
     593
     620
     676
     689
     750
     811
     823
     861
     934
     881
     960
     980
    1023
    1128
    1066
    1157
    1130
    1241
    1168
    1181
    1239
    1264
    1244
    1322
    1268
    1303
    1307
    1331
    1231
    1313
    1241
    1300
    1263
    1286
    1209
    1213
    1154
    1142
    1139
    1065
    1041
    1033
     959
     920
     911
     888
     901
     812
     798
     721
     655
     656
     602
     561
     530
     483
     489
     462
     376
     353
     310
     326
     278
     272
     238
     265
     224
     204
     189
     172
     145
     138
     116
      94
     111
      96
      85
      76
      60
      68
      51
      55
      42
      43
      49
      46
      30
      27
      32
      31
      29
      15
      25
      29
      35
      27
      19
      15
      21
      21
      15
      20
      22
      13
      14
      23
      16
      14
      14
      19
      12
      16
      11
       8
      10
      14
      11
      17
      12
       9
      17
      12
       6
       0
       0
       1
       0
       0
       0
       1
       2
       1
       0
       0
       0
       1
       2
       1
       1
       1
       0
       0
       1
       0
       1
       0
       0
       0
       0
       0
       0
       1
       0
       0
       0
       0
       0
       0
       0
       0
       1
       0
       0
       0
       0
       0
       0
       0
       0
       0
       0
       0
       0
       0
       0
       0
       0
       0
       1
       0
       0
       0
       0
       0
       0
       0
       0
       0
       0
       0
       0
       0
       0
       0
       0
       0
$ROI:
0
$PRESETS:
None
0
0
$ENER_FIT:
-23.114153 1.716598
$MCA_CAL:
3
-2.311415E+001 1.716598E+000 0.000000E+000 KeV
$SHAPE_CAL:
3
1.710471E+001 3.569806E-002 0.000000E+000
