$SPEC_ID:
No sample description was entered.
$SPEC_REM:
DET# 1
DETDESC# FD656FB229EA444 Easy-MCA-2k SN 16349062
AP# Maestro Version 7.01
$DATE_MEA:
03/17/2026 08:04:21
$MEAS_TIM:
376 381
$DATA:
0 1023
       0
      76
     337
    1700
   11091
     964
     690
     650
     654
     671
     645
     701
     702
     716
     741
     727
     741
     768
     700
     717
     722
     763
     730
     781
     793
     755
     745
     759
     760
     745
     788
     785
     825
     851
     820
     848
     851
     827
     850
     875
     882
     835
     891
     856
     804
     879
     886
     864
     925
     992
     922
    1022
    1099
    1130
    1216
    1316
    1363
    1461
    1377
    1413
    1437
    1439
    1389
    1416
    1450
    1470
    1385
    1291
    1263
    1173
    1133
    1045
    1027
     973
    1015
     954
     886
     962
     928
     925
     843
     840
     878
     813
     824
     797
     887
     855
     847
     887
     859
     879
     849
     810
     799
     817
     806
     858
     831
     841
     814
     851
     841
     845
     845
     857
     839
     884
     782
     904
     901
     814
     851
     853
     867
     848
     846
     841
     868
     853
     910
     818
     869
     842
     864
     850
     871
     861
     867
     847
     859
     866
     945
     882
     818
     894
     877
     852
     877
     932
     910
     889
     907
     888
     933
     992
     923
     914
     954
     946
     960
    1009
     939
     937
     998
    1027
    1009
     955
     978
    1002
     988
    1049
    1028
    1007
    1003
    1035
     996
    1061
    1030
    1047
    1008
    1073
    1028
    1015
    1009
    1041
    1033
     984
    1007
    1010
    1053
     991
     994
     973
    1038
    1067
     973
     988
    1054
     987
    1021
     971
     940
     990
     930
     980
     988
     992
     972
     952
     973
     897
     960
     990
     971
     971
     919
     942
     979
     893
     972
     946
     966
     962
     955
     954
     971
     987
     969
     950
     969
     967
     934
    1023
     964
     974
     975
     984
     960
     898
     933
     939
     946
     956
     968
     965
     921
     979
     918
     977
     946
     982
     914
     973
     959
     904
     951
     930
     900
     964
     910
     932
     885
     948
    1001
     916
     956
     904
     886
     947
     891
     935
     954
     899
     897
     899
     892
     926
     876
     914
     824
     914
     892
     887
     883
     877
     898
     895
     831
     875
     867
     882
     830
     794
     819
     840
     876
     852
     857
     910
     880
     809
     844
     770
     817
     864
     850
     814
     786
     854
     819
     872
     785
     904
     859
     831
     833
     774
     790
     828
     821
     769
     776
     841
     820
     831
     780
     848
     789
     823
     805
     816
     826
     777
     771
     779
     774
     741
     779
     725
     842
     725
     757
     788
     790
     766
     764
     769
     773
     748
     726
     778
     728
     787
     792
     705
     758
     757
     764
     735
     741
     768
     749
     740
     764
     745
     763
     754
     741
     758
     735
     683
     745
     723
     707
     708
     683
     715
     738
     726
     743
     762
     717
     728
     708
     732
     672
     706
     668
     694
     693
     690
     717
     734
     699
     705
     753
     717
     691
     684
     703
     674
     676
     647
     652
     778
     665
     688
     666
     647
     666
     677
     654
     670
     672
     638
     639
     665
     645
     630
     645
     711
     649
     649
     643
     659
     682
     646
     587
     681
     697
     699
     637
     655
     671
     650
     682
     651
     618
     653
     670
     614
     657
     663
     646
     643
     633
     651
     662
     599
     653
     659
     632
     650
     647
     594
     636
     625
     682
     626
     617
     645
     624
     646
     658
     622
     632
     621
     637
     650
     646
     649
     622
     620
     605
     583
     637
     642
     614
     644
     611
     669
     627
     647
     590
     643
     641
     627
     659
     657
     660
     663
     594
     662
     635
     610
     703
     651
     637
     632
     630
     649
     626
     655
     634
     679
     652
     595
     602
     617
     645
     629
     627
     595
     649
     613
     610
     630
     636
     646
     607
     635
     583
     588
     627
     653
     632
     630
     599
     635
     608
     616
     672
     598
     640
     619
     603
     621
     652
     611
     654
     629
     612
     631
     568
     661
     639
     658
     639
     675
     674
     647
     656
     610
     650
     619
     600
     657
     661
     661
     645
     610
     659
     668
     666
     671
     675
     719
     649
     657
     676
     637
     682
     640
     710
     681
     683
     647
     622
     712
     635
     689
     649
     664
     671
     680
     658
     634
     645
     685
     703
     668
     648
     670
     681
     696
     670
     674
     693
     639
     682
     669
     692
     706
     708
     740
     655
     675
     728
     687
     679
     652
     658
     670
     670
     650
     659
     671
     624
     660
     694
     650
     713
     670
     686
     681
     644
     667
     671
     712
     692
     677
     704
     670
     647
     596
     667
     677
     702
     631
     676
     653
     626
     642
     673
     656
     660
     661
     669
     648
     663
     643
     653
     659
     579
     643
     659
     631
     669
     602
     661
     639
     602
     618
     616
     655
     623
     600
     580
     597
     629
     596
     612
     593
     617
     593
     640
     586
     580
     568
     564
     584
     592
     622
     611
     557
     609
     629
     605
     572
     598
     601
     579
     565
     589
     571
     608
     586
     568
     584
     578
     594
     505
     542
     536
     527
     544
     553
     552
     585
     564
     534
     552
     556
     576
     544
     580
     568
     602
     612
     556
     535
     513
     542
     567
     570
     517
     547
     514
     551
     564
     606
     536
     536
     553
     602
     607
     524
     548
     543
     556
     553
     523
     631
     550
     539
     555
     569
     511
     573
     532
     552
     593
     572
     588
     612
     553
     567
     603
     578
     592
     566
     596
     598
     638
     631
     587
     631
     624
     658
     622
     650
     693
     651
     740
     668
     700
     646
     645
     750
     717
     718
     657
     737
     741
     744
     780
     765
     775
     787
     791
     787
     760
     787
     808
     820
     874
     892
     847
     854
     803
     796
     831
     837
     859
     834
     843
     806
     784
     865
     833
     803
     806
     773
     798
     810
     834
     732
     796
     742
     752
     795
     735
     714
     744
     715
     667
     704
     655
     664
     655
     686
     706
     619
     649
     637
     681
     647
     604
     611
     622
     612
     631
     590
     601
     611
     604
     583
     602
     582
     621
     612
     600
     606
     592
     621
     637
     606
     640
     609
     639
     653
     627
     644
     680
     663
     618
     660
     620
     640
     600
     653
     690
     654
     719
     694
     655
     682
     722
     697
     720
     727
     720
     790
     710
     799
     805
     753
     782
     802
     766
     809
     846
     842
     787
     856
     874
     896
     813
     822
     876
     863
     975
     926
     949
     944
     901
     926
     945
     929
     932
     996
     931
     917
     894
     894
     881
     952
     883
     927
     894
     921
     882
     862
     899
     807
     853
     823
     804
     756
     802
     805
     788
     713
     727
     679
     674
     680
     669
     701
     637
     625
     655
     619
     532
     594
     594
     542
     550
     557
     485
     508
     529
     484
     465
     469
     434
     471
     447
     440
     430
     401
     111
       2
       2
       3
       2
       0
       4
       1
       2
       1
       2
       1
       1
       1
       0
       0
       0
       2
       0
       1
       0
       0
       0
       1
       0
       0
       0
       0
       0
       0
       0
       1
       0
       0
       1
       0
       0
       1
       0
       0
       0
       0
       0
       0
       0
       0
       0
       0
       0
       0
       0
       0
       0
       0
       0
       0
       0
       0
       0
       0
       0
       0
       0
       0
       0
       0
       0
       0
       0
       0
       0
       0
$ROI:
0
$PRESETS:
None
0
0
$ENER_FIT:
-23.114153 1.716598
$MCA_CAL:
3
-2.311415E+001 1.716598E+000 0.000000E+000 KeV
$SHAPE_CAL:
3
1.710471E+001 3.569806E-002 0.000000E+000
