$SPEC_ID:
No sample description was entered.
$SPEC_REM:
DET# 1
DETDESC# FD656FB229EA444 Easy-MCA-2k SN 16349062
AP# Maestro Version 7.01
$DATE_MEA:
03/17/2026 07:18:16
$MEAS_TIM:
497 518
$DATA:
0 1023
       0
     153
     817
    7816
   87230
    7014
    3225
    2597
    2239
    2095
    1926
    1895
    1920
    1999
    2002
    2012
    2174
    2196
    2362
    2568
    3121
    3895
    4626
    4933
    4774
    4116
    3602
    3054
    2686
    2479
    2433
    2249
    2241
    2253
    2174
    2261
    2117
    2088
    2185
    2172
    2199
    2267
    2324
    2416
    2406
    2520
    2670
    2871
    3100
    3342
    3622
    3863
    4154
    4057
    4056
    3860
    3668
    3623
    3287
    3119
    2932
    2817
    2703
    2565
    2547
    2369
    2209
    2201
    2222
    2134
    2059
    2046
    2051
    1928
    2063
    2005
    2056
    2109
    1980
    2020
    2020
    2064
    2010
    2063
    2077
    2039
    2097
    2148
    2195
    2001
    2026
    2133
    2054
    2039
    2149
    2138
    2079
    2080
    2079
    2154
    2154
    2085
    2093
    2017
    2190
    2089
    2035
    2103
    2075
    2122
    2145
    2077
    2046
    2233
    2142
    2069
    2177
    2130
    2108
    2262
    2231
    2228
    2155
    2244
    2299
    2195
    2236
    2331
    2213
    2171
    2364
    2318
    2361
    2523
    2386
    2381
    2510
    2544
    2488
    2568
    2665
    2474
    2505
    2589
    2557
    2616
    2677
    2689
    2613
    2648
    2728
    2734
    2714
    2639
    2608
    2676
    2601
    2640
    2703
    2578
    2645
    2588
    2718
    2662
    2669
    2736
    2644
    2586
    2712
    2648
    2693
    2699
    2643
    2647
    2545
    2769
    2586
    2646
    2654
    2607
    2726
    2682
    2707
    2633
    2674
    2672
    2665
    2646
    2673
    2710
    2731
    2631
    2593
    2692
    2560
    2577
    2714
    2655
    2567
    2602
    2665
    2674
    2606
    2585
    2626
    2602
    2600
    2501
    2511
    2580
    2524
    2478
    2504
    2464
    2492
    2546
    2415
    2324
    2464
    2363
    2329
    2382
    2403
    2444
    2429
    2332
    2416
    2442
    2288
    2310
    2362
    2289
    2250
    2384
    2305
    2202
    2269
    2225
    2188
    2220
    2260
    2223
    2202
    2296
    2095
    2132
    2206
    2103
    2228
    2170
    2194
    2214
    2129
    2151
    2036
    2211
    2115
    2065
    2083
    2096
    2088
    2040
    2157
    1998
    2056
    2089
    2068
    2013
    1948
    2052
    2032
    2007
    1942
    2040
    2051
    2006
    1924
    1955
    1974
    1982
    1978
    1924
    1967
    1869
    1883
    1936
    1837
    1841
    1890
    1783
    1792
    1814
    1798
    1731
    1813
    1816
    1814
    1703
    1795
    1753
    1735
    1757
    1734
    1755
    1720
    1680
    1561
    1638
    1558
    1618
    1637
    1659
    1642
    1617
    1595
    1633
    1530
    1642
    1574
    1545
    1594
    1570
    1607
    1583
    1512
    1423
    1482
    1531
    1516
    1467
    1555
    1481
    1467
    1550
    1463
    1489
    1417
    1470
    1522
    1490
    1497
    1457
    1389
    1404
    1390
    1370
    1401
    1388
    1485
    1402
    1391
    1329
    1418
    1313
    1345
    1354
    1362
    1411
    1371
    1381
    1393
    1290
    1352
    1368
    1363
    1363
    1399
    1392
    1389
    1372
    1394
    1422
    1397
    1406
    1386
    1353
    1498
    1433
    1498
    1469
    1595
    1546
    1534
    1585
    1650
    1616
    1644
    1691
    1730
    1796
    1782
    1805
    1890
    1976
    1954
    2016
    2029
    2070
    2074
    2166
    2249
    2347
    2225
    2370
    2438
    2502
    2398
    2620
    2549
    2601
    2570
    2640
    2628
    2654
    2641
    2713
    2648
    2717
    2718
    2665
    2707
    2777
    2733
    2669
    2678
    2576
    2653
    2552
    2584
    2550
    2456
    2574
    2388
    2434
    2386
    2292
    2337
    2271
    2243
    2130
    2198
    2115
    2019
    2041
    1955
    2019
    1816
    1738
    1849
    1810
    1649
    1649
    1639
    1604
    1609
    1612
    1562
    1509
    1518
    1499
    1475
    1435
    1480
    1429
    1397
    1404
    1392
    1329
    1384
    1359
    1333
    1333
    1406
    1288
    1360
    1412
    1245
    1353
    1326
    1282
    1331
    1282
    1347
    1304
    1332
    1355
    1319
    1328
    1307
    1255
    1315
    1356
    1311
    1334
    1370
    1348
    1349
    1305
    1289
    1379
    1356
    1386
    1361
    1420
    1424
    1414
    1388
    1350
    1432
    1382
    1333
    1318
    1417
    1404
    1419
    1453
    1450
    1442
    1478
    1347
    1494
    1439
    1401
    1387
    1360
    1423
    1416
    1465
    1401
    1432
    1466
    1451
    1483
    1530
    1456
    1397
    1458
    1477
    1455
    1483
    1433
    1490
    1454
    1452
    1571
    1439
    1458
    1404
    1480
    1452
    1456
    1491
    1468
    1428
    1467
    1551
    1453
    1513
    1466
    1522
    1471
    1446
    1457
    1464
    1541
    1404
    1427
    1429
    1478
    1421
    1426
    1468
    1403
    1454
    1379
    1392
    1372
    1323
    1428
    1314
    1367
    1384
    1369
    1389
    1355
    1349
    1412
    1281
    1364
    1278
    1294
    1313
    1312
    1188
    1267
    1267
    1291
    1294
    1258
    1224
    1174
    1207
    1149
    1175
    1192
    1172
    1163
    1186
    1102
    1119
    1152
    1088
    1105
    1147
    1058
    1095
    1098
    1088
    1093
    1080
    1053
    1057
    1060
    1012
    1012
    1069
    1028
    1006
     958
    1021
    1000
     971
     962
     976
     914
     963
     971
     971
     960
     921
     943
     943
     976
     941
     965
     950
     931
     939
     940
     865
     937
     896
     945
     886
     903
     905
     916
     920
     923
     970
     944
     916
     910
     965
     961
     930
     927
     988
     952
     996
     987
    1014
    1037
    1120
    1028
    1108
    1110
    1105
    1134
    1172
    1193
    1177
    1227
    1239
    1268
    1257
    1270
    1321
    1320
    1379
    1390
    1436
    1464
    1523
    1495
    1534
    1628
    1615
    1675
    1697
    1654
    1603
    1798
    1758
    1842
    1808
    1860
    1954
    1871
    1851
    1950
    1908
    1988
    1967
    2026
    1967
    2062
    2057
    2090
    2064
    2077
    2070
    2074
    2042
    2124
    2074
    2135
    2133
    2145
    2089
    2144
    2126
    2101
    2155
    2083
    2020
    2052
    1995
    1972
    2029
    1993
    1982
    1964
    2034
    2006
    2021
    2003
    2006
    1947
    1931
    1873
    1874
    1843
    1890
    1856
    1780
    1837
    1762
    1720
    1679
    1659
    1690
    1640
    1627
    1577
    1580
    1545
    1567
    1558
    1499
    1546
    1407
    1482
    1465
    1451
    1383
    1407
    1386
    1400
    1362
    1386
    1399
    1411
    1345
    1329
    1312
    1327
    1297
    1393
    1387
    1351
    1362
    1377
    1324
    1381
    1378
    1346
    1409
    1464
    1420
    1316
    1321
    1405
    1411
    1373
    1495
    1422
    1415
    1390
    1420
    1459
    1501
    1422
    1444
    1461
    1449
    1546
    1453
    1366
    1466
    1485
    1507
    1507
    1439
    1382
    1569
    1496
    1492
    1456
    1514
    1495
    1557
    1418
    1504
    1445
    1533
    1570
    1514
    1534
    1476
    1456
    1478
    1431
    1456
    1416
    1418
    1345
    1374
    1339
    1370
    1257
    1347
    1361
    1302
    1241
    1269
    1198
    1203
    1198
    1158
    1165
    1131
    1080
    1066
    1061
    1015
     983
     918
     962
     982
     894
     925
     896
     773
     840
     805
     820
     756
     721
     705
     720
     688
     617
     586
     532
     557
     554
     544
     498
     490
     448
     457
     440
     458
     443
     398
     377
     353
     341
     308
     325
     259
     277
     243
     250
     227
     199
     216
     203
     200
     206
     198
     191
     154
     134
     140
     133
     142
     136
     120
     136
     127
     109
      97
      80
      98
     101
      93
      79
      82
      76
      86
      74
      73
      64
      80
      61
      51
      59
      69
      50
      52
      56
      58
      58
      50
      57
      56
      49
      50
      42
      40
      43
      14
       3
       4
       4
       4
       3
       3
       4
       4
       1
       3
       2
       4
       2
       3
       4
       1
       0
       1
       2
       0
       0
       0
       0
       0
       1
       0
       1
       1
       0
       0
       1
       0
       1
       1
       0
       0
       1
       1
       2
       1
       0
       0
       0
       0
       0
       0
       0
       0
       0
       0
       0
       0
       0
       0
       0
       0
       0
       0
       0
       0
       0
       0
       0
       0
       0
       0
       0
       0
       0
       0
$ROI:
0
$PRESETS:
None
0
0
$ENER_FIT:
-23.114153 1.716598
$MCA_CAL:
3
-2.311415E+001 1.716598E+000 0.000000E+000 KeV
$SHAPE_CAL:
3
1.710471E+001 3.569806E-002 0.000000E+000
