------------------------------------------------------------------------------------------------------------------------------------------------------
Sorgente        Canale  Conteggi(C)  FWHM    Energia[keV]  I_gamma  Real_T[s]  Live_T[s]  Act_A[uCi]  Act_A[Bq]  Eficiencia (%) [Eq. 4.12]
------------------------------------------------------------------------------------------------------------------------------------------------------
Cesio1prime     445.0   3790         32.11   661.6         0.851    802        800        0.25        9250       0.06018 %
Cesio1          410.0   1818         39.56   661.6         0.851    469        467        0.25        9250       0.04945 %
Cesio2          408.0   1183         44.45   661.6         0.851    453        452        0.25        9250       0.03325 %
Cesio3          472.0   1164         38.84   661.6         0.851    524        523        0.25        9250       0.02827 %
------------------------------------------------------------------------------------------------------------------------------------------------------
Cobalto1        712.0   2410         59.75   1173.2        0.9985   574        560        1.0         37000      0.01165 %
Cobalto2        901.0   996          48.04   1332.5        0.9998   381        376        1.0         37000      0.00716 %
Cobalto3_P1     752.0   1766         38.87   1173.2        0.9985   448        444        1.0         37000      0.01077 %
Cobalto3_P2     855.0   1331         44.92   1332.5        0.9998   444        444        1.0         37000      0.00810 %
Cobebryan3_P1   762.0   2945         41.18   1173.2        0.9985   808        801        1.0         37000      0.00995 %
Cobebryan3_P2   865.0   2295         45.80   1332.5        0.9998   808        801        1.0         37000      0.00775 %
Cob1prime_P1    780.0   5370         41.45   1173.2        0.9985   865        842        1.0         37000      0.01726 %
Cob1prime_P2    882.0   4155         46.88   1332.5        0.9998   865        865        1.0         37000      0.01299 %
------------------------------------------------------------------------------------------------------------------------------------------------------
Europio1        93.0    9361         11.28   121.8         0.2853   256        252        1.0         37000      0.35191 %
Europio2        88.0    15777        9.90    121.8         0.2853   525        519        1.0         37000      0.28803 %
Europio3        88.0    12139        9.55    121.8         0.2853   518        514        1.0         37000      0.22368 %
------------------------------------------------------------------------------------------------------------------------------------------------------
Stroncio1       81.0    442          1.00    --            --       --         --         --          --         ESCLUDERE
------------------------------------------------------------------------------------------------------------------------------------------------------
Sodio1          358.0   9614         32.85   511.0         1.806    253        246        1.0         37000      0.05849 %
Sodio2          355.0   7482         31.62   511.0         1.806    252        247        1.0         37000      0.04533 %
Sodio3          365.0   6005         33.65   511.0         1.806    275        272        1.0         37000      0.03304 %
------------------------------------------------------------------------------------------------------------------------------------------------------
Combicso        421.0   2777         45.74   661.6         0.851    518        497        0.244       9048       0.07257 %
------------------------------------------------------------------------------------------------------------------------------------------------------