------------------------------------------------------------------------------------------------------------------------------------------------------
Sorgente        Canale  Conteggi(C)  FWHM    Energia[keV]  I_gamma  Real_T[s]  Live_T[s]  Act_A[uCi]  Act_A[Bq]  Eficiencia (%)
------------------------------------------------------------------------------------------------------------------------------------------------------
Cesio1prime     445.0   3790         32.11   661.6         0.851    802        800        0.25        9250       0.0602 %
Cesio1          410.0   1818         39.56   661.6         0.851    469        467        0.25        9250       0.0495 %
Cesio2          408.0   1183         44.45   661.6         0.851    453        452        0.25        9250       0.0332 %
Cesio3          472.0   1164         38.84   661.6         0.851    524        523        0.25        9250       0.0283 %
------------------------------------------------------------------------------------------------------------------------------------------------------
Cobalto1        712.0   2410         59.75   1173.2        0.9985   574        560        1.0         37000      0.0116 %
Cobalto2        901.0   996          48.04   1332.5        0.9998   381        376        1.0         37000      0.0072 %
Cobalto3_P1     752.0   1766         38.87   1173.2        0.9985   448        444        1.0         37000      0.0108 %
Cobalto3_P2     855.0   1331         44.92   1332.5        0.9998   444        444        1.0         37000      0.0081 %
Cobebryan3_P1   762.0   2945         41.18   1173.2        0.9985   808        801        1.0         37000      0.0100 %
Cobebryan3_P2   865.0   2295         45.80   1332.5        0.9998   808        801        1.0         37000      0.0077 %
Cob1prime_P1    780.0   5370         41.45   1173.2        0.9985   865        842        1.0         37000      0.0173 %
Cob1prime_P2    882.0   4155         46.88   1332.5        0.9998   865        865        1.0         37000      0.0130 %
------------------------------------------------------------------------------------------------------------------------------------------------------
Europio1        93.0    9361         11.28   121.8         0.2853   256        252        1.0         37000      0.3519 %
Europio2        88.0    15777        9.90    121.8         0.2853   525        519        1.0         37000      0.2880 %
Europio3        88.0    12139        9.55    121.8         0.2853   518        514        1.0         37000      0.2237 %
------------------------------------------------------------------------------------------------------------------------------------------------------
Stroncio1       81.0    442          1.00    --            --        --           --               Escludere
------------------------------------------------------------------------------------------------------------------------------------------------------
Sodio1          358.0   9614         32.85   511.0         1.806    253        246        1.0         37000      0.0585 %
Sodio2          355.0   7482         31.62   511.0         1.806    252        247        1.0         37000      0.0453 %
Sodio3          365.0   6005         33.65   511.0         1.806    275        272        1.0         37000      0.0330 %
------------------------------------------------------------------------------------------------------------------------------------------------------
Cadmio1         
Cadmio2         
Cadmio3        
------------------------------------------------------------------------------------------------------------------------------------------------------
Combicso        421.0   2777         45.74   661.6         0.851    518        497        0.244       9048       0.0726 %
------------------------------------------------------------------------------------------------------------------------------------------------------