$SPEC_ID:
No sample description was entered.
$SPEC_REM:
DET# 1
DETDESC# FD656FB229EA444 Easy-MCA-2k SN 16349062
AP# Maestro Version 7.01
$DATE_MEA:
03/18/2026 07:57:24
$MEAS_TIM:
252 256
$DATA:
0 1023
       0
      34
      68
     257
    3013
    4207
    5235
    6747
    9030
    8388
    5283
    3033
    2407
    2321
    2176
    1656
    1156
     938
     889
    1058
    1323
    1643
    1817
    2040
    2304
    2867
    4131
    6326
   10057
   15322
   20822
   25906
   27150
   25670
   21277
   16739
   12639
    9582
    7578
    5525
    3930
    2489
    1684
    1158
     874
     764
     748
     773
     755
     788
     803
     865
    1106
    1185
    1468
    1730
    2022
    2282
    2425
    2632
    2553
    2458
    2335
    2158
    2159
    2069
    1973
    1955
    1875
    1792
    1807
    1715
    1565
    1381
    1308
    1222
    1208
    1262
    1296
    1259
    1387
    1561
    1804
    1965
    2386
    2979
    3621
    4655
    5567
    6619
    7459
    8488
    9161
    9361
    9316
    8675
    7921
    7051
    5804
    4753
    3734
    2859
    2217
    1628
    1339
    1044
     854
     776
     749
     723
     713
     634
     705
     693
     680
     687
     657
     725
     752
     801
     803
     869
     874
     857
     947
     926
     937
     960
     919
     870
     856
     852
     835
     781
     728
     689
     700
     758
     665
     654
     638
     642
     658
     636
     574
     612
     568
     614
     627
     559
     602
     622
     609
     598
     616
     642
     630
     617
     635
     602
     622
     655
     633
     658
     714
     757
     790
     933
     908
     962
    1037
    1095
    1152
    1234
    1284
    1352
    1269
    1377
    1265
    1325
    1408
    1284
    1333
    1251
    1219
    1118
    1072
     981
     985
     968
     929
     753
     711
     724
     696
     631
     578
     553
     532
     567
     490
     566
     547
     491
     572
     512
     521
     523
     545
     519
     519
     532
     495
     559
     524
     551
     533
     518
     541
     551
     547
     522
     537
     638
     621
     631
     675
     725
     861
     835
     928
     994
    1027
    1203
    1272
    1325
    1497
    1549
    1740
    1669
    1896
    1980
    1985
    2113
    2168
    2266
    2251
    2308
    2381
    2248
    2259
    2174
    2185
    2132
    2057
    1944
    1888
    1820
    1656
    1605
    1449
    1344
    1327
    1233
    1084
    1026
     900
     793
     761
     728
     670
     594
     534
     535
     492
     464
     502
     453
     428
     436
     424
     400
     424
     401
     435
     438
     400
     416
     379
     418
     448
     454
     435
     405
     469
     461
     427
     448
     482
     373
     451
     438
     482
     470
     436
     411
     463
     428
     435
     447
     448
     440
     426
     447
     429
     415
     437
     441
     447
     409
     434
     389
     386
     386
     358
     394
     376
     395
     357
     365
     355
     347
     341
     333
     304
     292
     299
     296
     324
     301
     312
     298
     297
     314
     319
     289
     288
     286
     273
     311
     296
     248
     276
     289
     282
     267
     272
     274
     295
     267
     289
     240
     282
     268
     290
     275
     279
     275
     269
     248
     270
     252
     243
     255
     249
     260
     259
     253
     240
     253
     257
     249
     228
     268
     247
     258
     259
     259
     217
     251
     242
     270
     270
     275
     238
     249
     238
     265
     232
     274
     251
     242
     245
     244
     253
     221
     248
     235
     237
     217
     231
     260
     228
     241
     222
     248
     224
     228
     223
     215
     246
     237
     234
     213
     235
     216
     221
     193
     161
     185
     192
     219
     194
     194
     208
     184
     177
     186
     208
     208
     210
     198
     170
     193
     213
     212
     192
     197
     205
     192
     182
     211
     173
     191
     179
     223
     186
     181
     206
     204
     196
     222
     203
     179
     184
     215
     179
     197
     190
     188
     203
     172
     204
     211
     207
     212
     227
     193
     211
     181
     197
     205
     229
     187
     189
     185
     201
     221
     197
     202
     193
     211
     230
     216
     226
     212
     206
     205
     216
     225
     163
     243
     220
     210
     203
     217
     220
     199
     227
     214
     227
     228
     207
     219
     222
     226
     231
     234
     248
     233
     261
     267
     275
     260
     267
     280
     320
     296
     275
     295
     301
     299
     315
     308
     330
     336
     304
     319
     318
     341
     363
     364
     330
     322
     377
     349
     330
     373
     368
     366
     385
     359
     313
     343
     346
     333
     315
     332
     342
     284
     322
     314
     312
     289
     291
     322
     248
     259
     233
     262
     261
     230
     286
     237
     221
     247
     228
     220
     208
     189
     202
     196
     221
     183
     193
     192
     188
     203
     208
     171
     178
     181
     157
     195
     174
     160
     169
     170
     175
     178
     186
     161
     185
     162
     163
     194
     166
     182
     189
     163
     162
     141
     163
     163
     169
     156
     169
     195
     172
     158
     155
     176
     151
     151
     183
     140
     150
     149
     167
     157
     145
     149
     150
     132
     155
     149
     178
     145
     172
     151
     161
     153
     172
     175
     174
     185
     203
     189
     200
     184
     192
     195
     192
     194
     193
     177
     186
     212
     199
     223
     228
     190
     195
     242
     239
     240
     238
     238
     228
     221
     227
     227
     223
     231
     230
     230
     240
     232
     219
     242
     201
     192
     213
     206
     197
     220
     200
     172
     188
     186
     186
     196
     208
     188
     172
     201
     187
     185
     160
     168
     149
     158
     188
     168
     157
     140
     174
     151
     145
     155
     141
     122
     120
     133
     122
     108
     144
     155
     122
     148
     136
     161
     129
     135
     123
     143
     135
     148
     157
     133
     169
     151
     165
     174
     171
     161
     176
     194
     199
     197
     193
     227
     182
     220
     217
     224
     189
     203
     219
     234
     226
     228
     226
     242
     244
     265
     282
     289
     277
     246
     233
     279
     247
     272
     250
     264
     268
     286
     266
     287
     256
     249
     270
     263
     279
     242
     255
     269
     256
     207
     254
     205
     225
     201
     260
     223
     228
     213
     228
     209
     221
     212
     184
     203
     156
     188
     168
     182
     166
     188
     167
     158
     171
     160
     175
     138
     136
     107
     156
     124
     124
     115
      90
     109
      86
      88
      81
      99
      93
      76
      90
      79
      55
      92
      73
      65
      74
      75
      64
      59
      57
      57
      66
      69
      53
      53
      49
      53
      44
      43
      48
      55
      57
      58
      59
      45
      47
      45
      45
      38
      39
      42
      54
      28
      27
      33
      36
      38
      49
      51
      41
      37
      37
      39
      29
      46
      32
      40
      26
      42
      39
      27
      26
      37
      39
      25
      25
      40
      42
      34
      37
      39
      41
      37
      33
      31
      32
      33
      30
      32
      33
      35
      35
      31
      32
      27
      24
      35
      28
      27
      27
      36
      38
      24
      33
      23
      29
      27
      18
      35
      32
      18
      26
      34
      24
      39
      23
      31
      31
      40
      36
      33
      37
      33
      37
      44
      40
      53
      38
      49
      32
      57
      55
      55
      52
      67
      50
      61
      65
      46
      60
      65
      62
      62
      60
      82
      81
      56
      75
      86
      78
      78
      22
       1
       2
       0
       0
       1
       0
       0
       0
       0
       0
       0
       0
       0
       0
       0
       0
       0
       0
       1
       0
       0
       0
       0
       0
       0
       0
       0
       0
       0
       0
       0
       0
       0
       0
       0
       0
       0
       0
       0
       0
       0
       0
       0
       0
       0
       0
       0
       0
       0
       0
       0
       0
       0
       0
       0
       0
       0
       0
       0
       0
       0
       0
       0
       0
       0
       0
       0
       0
       0
       0
       0
$ROI:
0
$PRESETS:
None
0
0
$ENER_FIT:
-23.114153 1.716598
$MCA_CAL:
3
-2.311415E+001 1.716598E+000 0.000000E+000 KeV
$SHAPE_CAL:
3
1.710471E+001 3.569806E-002 0.000000E+000
