$SPEC_ID:
No sample description was entered.
$SPEC_REM:
DET# 1
DETDESC# FD656FB229EA444 Easy-MCA-2k SN 16349062
AP# Maestro Version 7.01
$DATE_MEA:
03/23/2026 07:28:57
$MEAS_TIM:
514 518
$DATA:
0 1023
       0
      23
      45
     164
    5592
    5869
    6665
    9279
   11001
    8075
    4289
    2850
    2702
    2614
    1933
    1347
     992
     974
    1214
    1543
    1942
    2126
    2387
    2929
    4148
    6230
    9879
   16046
   23375
   30507
   33742
   31366
   25317
   19179
   14305
   10801
    8264
    5840
    3729
    2356
    1488
    1118
     918
     888
     860
     850
     840
     945
    1028
    1164
    1340
    1648
    1973
    2322
    2646
    2731
    2945
    2805
    2539
    2447
    2372
    2382
    2392
    2425
    2307
    2219
    2047
    1949
    1836
    1719
    1588
    1489
    1564
    1522
    1556
    1613
    1681
    1812
    2203
    2514
    3169
    3974
    5127
    6524
    8076
    9641
   11046
   11644
   12139
   11708
   10609
    9137
    7336
    5736
    4200
    3036
    2328
    1675
    1309
    1097
    1026
     959
     891
     902
     881
     933
     887
     869
     941
     990
     938
     933
     911
     917
     995
     994
     995
    1025
    1000
    1000
     981
     995
     960
     948
     920
     900
     894
     885
     858
     835
     785
     824
     872
     768
     815
     811
     764
     747
     814
     757
     778
     790
     776
     835
     786
     784
     838
     777
     793
     839
     843
     821
     806
     840
     891
     983
     973
    1100
    1108
    1180
    1257
    1411
    1483
    1573
    1708
    1665
    1846
    1837
    1797
    1890
    1848
    1721
    1699
    1652
    1491
    1365
    1303
    1187
    1119
    1009
     910
     820
     801
     749
     739
     661
     674
     625
     613
     611
     608
     632
     573
     594
     601
     612
     599
     623
     618
     596
     615
     606
     615
     645
     593
     635
     616
     635
     654
     708
     672
     676
     696
     730
     832
     857
     946
    1042
    1119
    1292
    1422
    1495
    1687
    1882
    2100
    2132
    2423
    2485
    2598
    2789
    2919
    2867
    3071
    3062
    2941
    2957
    3023
    2867
    2777
    2737
    2592
    2321
    2220
    2017
    1916
    1693
    1568
    1378
    1174
    1120
     989
     865
     862
     760
     700
     572
     575
     596
     551
     542
     475
     533
     468
     479
     538
     487
     498
     533
     472
     477
     464
     524
     523
     529
     536
     521
     546
     549
     557
     564
     563
     605
     563
     549
     581
     598
     561
     576
     583
     542
     583
     588
     566
     508
     547
     546
     502
     522
     491
     554
     521
     505
     565
     502
     503
     493
     534
     469
     471
     447
     481
     477
     440
     411
     431
     378
     358
     431
     426
     349
     431
     391
     356
     383
     360
     379
     370
     338
     364
     332
     325
     370
     358
     380
     367
     374
     370
     355
     357
     345
     354
     317
     358
     338
     345
     354
     317
     343
     343
     351
     321
     336
     390
     319
     329
     321
     335
     327
     338
     334
     320
     319
     337
     334
     316
     304
     269
     314
     320
     345
     302
     323
     306
     327
     306
     362
     354
     324
     342
     301
     323
     286
     301
     295
     294
     330
     269
     298
     289
     305
     301
     329
     280
     305
     266
     292
     286
     281
     269
     294
     280
     258
     252
     247
     268
     266
     264
     262
     262
     244
     239
     255
     257
     235
     257
     271
     235
     213
     256
     236
     222
     220
     251
     259
     246
     239
     256
     238
     252
     238
     243
     252
     265
     267
     250
     273
     232
     246
     250
     249
     235
     250
     317
     270
     267
     236
     286
     285
     255
     257
     259
     260
     262
     237
     286
     278
     251
     270
     228
     269
     275
     259
     264
     244
     234
     246
     282
     238
     236
     251
     232
     248
     274
     240
     259
     265
     263
     257
     277
     248
     236
     273
     269
     271
     273
     302
     264
     256
     248
     296
     295
     321
     330
     361
     334
     359
     353
     355
     358
     413
     411
     388
     391
     404
     435
     420
     438
     465
     477
     436
     453
     447
     448
     513
     449
     487
     450
     497
     507
     498
     474
     461
     431
     413
     441
     417
     404
     411
     398
     354
     382
     343
     332
     344
     316
     285
     277
     284
     285
     268
     225
     247
     229
     276
     237
     240
     228
     240
     225
     219
     211
     219
     198
     224
     202
     223
     227
     217
     230
     204
     229
     208
     210
     227
     215
     223
     235
     209
     212
     227
     217
     201
     223
     222
     205
     236
     219
     197
     197
     216
     196
     177
     204
     201
     203
     212
     179
     184
     202
     169
     170
     198
     168
     165
     193
     168
     184
     176
     195
     161
     171
     193
     174
     187
     179
     192
     181
     186
     217
     199
     205
     224
     228
     223
     220
     239
     242
     259
     256
     239
     322
     295
     263
     283
     303
     309
     333
     312
     346
     312
     318
     334
     320
     344
     326
     308
     286
     325
     299
     324
     294
     316
     282
     281
     276
     266
     269
     270
     244
     235
     251
     248
     193
     229
     213
     217
     215
     165
     179
     157
     176
     153
     166
     158
     151
     110
     136
     159
     148
     102
      98
     141
     121
     132
     120
     125
     147
     140
     130
     128
     141
     115
     129
     131
     145
     162
     164
     181
     160
     164
     185
     202
     207
     198
     211
     219
     215
     254
     245
     233
     278
     257
     253
     278
     286
     319
     321
     303
     331
     349
     326
     358
     377
     331
     361
     391
     318
     372
     372
     370
     375
     373
     356
     364
     348
     341
     342
     364
     365
     355
     344
     323
     323
     332
     322
     285
     263
     289
     301
     239
     273
     267
     262
     241
     238
     229
     242
     195
     222
     205
     183
     162
     170
     171
     159
     149
     142
     131
     123
     132
     115
     111
     127
     109
      96
     109
     106
      81
      96
      93
      79
     101
      93
      70
      62
      66
      56
      67
      75
      60
      59
      73
      70
      43
      55
      58
      63
      58
      49
      63
      63
      54
      42
      54
      57
      44
      38
      50
      46
      38
      55
      45
      50
      35
      41
      38
      54
      37
      38
      39
      41
      38
      43
      39
      38
      30
      40
      28
      36
      38
      37
      37
      40
      46
      34
      33
      33
      31
      32
      44
      37
      40
      33
      24
      37
      35
      34
      27
      37
      35
      30
      34
      40
      31
      41
      33
      30
      19
      30
      36
      30
      37
      28
      36
      18
      26
      22
      22
      32
      33
      23
      33
      23
      36
      24
      32
      29
      33
      28
      26
      33
      35
      44
      44
      37
      39
      33
      41
      47
      52
      51
      67
      52
      50
      61
      61
      77
      72
      85
      76
      78
      80
      83
      88
     101
     120
     102
     112
     123
     137
     117
     121
     120
     124
     137
     141
     171
     139
     147
     172
     180
     175
     170
     163
     175
     169
     178
     170
     187
     164
     222
     182
     169
     177
     193
     198
     173
     167
     168
     158
     162
     160
     145
     162
     138
     143
     169
     140
     148
     119
     140
     128
     132
     108
     100
     104
     120
      95
      88
      94
     111
      59
       7
       0
       0
       0
       1
       0
       0
       0
       0
       0
       0
       0
       0
       0
       0
       0
       0
       0
       0
       0
       0
       0
       0
       0
       0
       0
       0
       0
       0
       0
       0
       0
       0
       0
       0
       0
       0
       0
       0
       0
       0
       0
       0
       0
       0
       0
       0
       0
       0
       0
       0
       0
       0
       0
       0
       0
       0
       0
       0
       0
       0
       0
       0
       0
       0
       0
       0
       0
       0
       0
       0
       0
$ROI:
0
$PRESETS:
None
0
0
$ENER_FIT:
-23.114153 1.716598
$MCA_CAL:
3
-2.311415E+001 1.716598E+000 0.000000E+000 KeV
$SHAPE_CAL:
3
1.710471E+001 3.569806E-002 0.000000E+000
