$SPEC_ID:
No sample description was entered.
$SPEC_REM:
DET# 1
DETDESC# FD656FB229EA444 Easy-MCA-2k SN 16349062
AP# Maestro Version 7.01
$DATE_MEA:
03/23/2026 07:19:24
$MEAS_TIM:
519 525
$DATA:
0 1023
       0
      36
     101
     465
   16569
   10066
    9444
   12292
   14729
   11366
    6144
    3976
    3794
    3685
    2763
    1923
    1426
    1396
    1605
    2049
    2458
    2714
    3179
    3672
    5067
    7244
   11659
   18899
   28722
   38403
   44074
   43125
   36379
   28025
   20895
   16021
   12023
    8804
    5699
    3560
    2325
    1626
    1332
    1174
    1100
    1118
    1191
    1214
    1290
    1516
    1650
    2118
    2514
    2975
    3467
    3711
    3980
    3956
    3745
    3406
    3271
    3298
    3069
    3042
    3121
    2934
    2795
    2623
    2434
    2323
    2070
    1981
    1970
    1995
    1917
    1993
    2113
    2243
    2598
    3030
    3768
    4584
    5918
    7673
    9607
   11392
   13438
   15023
   15777
   15682
   14944
   13100
   11218
    9036
    7035
    5192
    3925
    2884
    2158
    1714
    1396
    1287
    1171
    1158
    1099
    1075
    1081
    1091
    1122
    1114
    1174
    1166
    1155
    1205
    1211
    1249
    1268
    1411
    1320
    1398
    1402
    1393
    1376
    1327
    1361
    1225
    1193
    1223
    1109
    1121
    1046
    1088
    1011
    1078
    1024
     996
     992
     972
     938
     929
    1036
    1033
    1081
    1007
    1007
    1015
     983
     967
    1026
     968
     965
    1026
     987
    1064
    1070
    1099
    1101
    1221
    1308
    1383
    1492
    1611
    1782
    1880
    1989
    2150
    2298
    2238
    2316
    2361
    2350
    2404
    2341
    2186
    2145
    1966
    1847
    1679
    1570
    1444
    1334
    1176
    1168
    1042
    1022
     986
     854
     877
     864
     765
     845
     780
     775
     790
     816
     781
     828
     825
     820
     829
     824
     796
     866
     797
     815
     805
     803
     796
     792
     843
     864
     867
     950
     953
    1010
    1055
    1126
    1225
    1312
    1440
    1606
    1689
    1983
    2145
    2306
    2472
    2714
    2813
    2988
    3276
    3465
    3591
    3684
    3861
    3804
    3907
    3927
    3970
    3810
    3678
    3520
    3497
    3376
    2985
    2822
    2597
    2325
    2253
    2065
    1885
    1636
    1526
    1282
    1205
    1090
    1030
     894
     913
     794
     758
     735
     697
     708
     676
     658
     673
     699
     677
     623
     640
     623
     638
     649
     659
     671
     740
     700
     653
     676
     664
     676
     716
     758
     743
     725
     765
     720
     675
     714
     733
     700
     745
     690
     706
     661
     695
     741
     738
     688
     717
     705
     719
     672
     673
     677
     659
     641
     644
     630
     640
     618
     623
     596
     574
     562
     558
     529
     507
     558
     529
     474
     509
     474
     469
     470
     486
     460
     454
     463
     449
     476
     477
     441
     503
     464
     491
     456
     491
     442
     403
     475
     431
     470
     445
     428
     458
     430
     423
     468
     455
     450
     419
     420
     407
     393
     420
     455
     423
     437
     432
     453
     394
     395
     432
     396
     401
     415
     400
     406
     352
     414
     402
     394
     402
     387
     397
     421
     411
     395
     408
     447
     425
     454
     404
     401
     397
     441
     389
     372
     416
     389
     384
     355
     374
     390
     378
     375
     369
     359
     363
     369
     367
     384
     332
     374
     330
     365
     333
     322
     329
     342
     340
     324
     333
     325
     326
     285
     326
     342
     324
     294
     264
     322
     304
     319
     306
     317
     293
     312
     293
     354
     290
     317
     292
     301
     314
     316
     297
     322
     315
     293
     291
     314
     274
     324
     340
     348
     314
     357
     324
     348
     324
     349
     296
     294
     317
     317
     349
     385
     328
     346
     343
     331
     324
     345
     333
     360
     319
     329
     334
     328
     319
     329
     325
     322
     346
     329
     326
     332
     294
     324
     338
     344
     325
     345
     320
     334
     340
     351
     346
     358
     373
     376
     383
     418
     368
     382
     415
     413
     454
     415
     458
     502
     491
     509
     519
     525
     498
     579
     575
     564
     555
     611
     601
     571
     621
     574
     651
     597
     648
     620
     630
     614
     581
     618
     634
     591
     553
     567
     559
     531
     564
     485
     461
     465
     435
     424
     430
     445
     406
     392
     380
     359
     394
     334
     339
     370
     327
     335
     305
     268
     270
     291
     310
     289
     260
     264
     280
     269
     268
     276
     289
     287
     280
     282
     281
     283
     280
     314
     299
     288
     255
     300
     270
     276
     287
     285
     299
     303
     278
     274
     278
     273
     276
     266
     250
     278
     263
     266
     244
     239
     240
     231
     221
     265
     239
     248
     211
     203
     216
     206
     232
     226
     241
     223
     235
     223
     216
     239
     242
     241
     272
     245
     259
     272
     273
     288
     269
     283
     305
     305
     315
     293
     329
     341
     354
     338
     387
     386
     368
     398
     375
     382
     400
     409
     397
     419
     398
     424
     416
     398
     404
     403
     387
     397
     398
     373
     408
     350
     377
     343
     367
     335
     337
     349
     333
     292
     282
     295
     295
     280
     256
     228
     244
     245
     214
     235
     236
     204
     243
     221
     198
     181
     192
     176
     188
     191
     180
     204
     161
     173
     166
     147
     166
     185
     162
     176
     192
     184
     204
     201
     210
     204
     213
     232
     222
     237
     251
     238
     275
     298
     277
     294
     321
     299
     354
     327
     325
     347
     339
     389
     375
     413
     407
     384
     430
     466
     415
     437
     432
     483
     471
     425
     453
     472
     528
     452
     464
     465
     466
     496
     458
     493
     466
     463
     455
     426
     446
     426
     404
     427
     433
     421
     409
     378
     356
     377
     370
     339
     332
     331
     308
     303
     313
     288
     264
     275
     240
     257
     218
     200
     196
     220
     202
     206
     170
     192
     144
     200
     150
     145
     147
     127
     136
     138
     141
     142
     107
     110
      97
      93
      93
     114
     101
     108
      93
      76
      83
      78
      84
      81
      81
      81
      89
      67
      86
      87
      65
      70
      78
      65
      67
      75
      66
      71
      58
      66
      66
      62
      63
      59
      64
      65
      57
      51
      52
      53
      65
      65
      57
      56
      71
      38
      72
      46
      54
      50
      56
      58
      42
      54
      62
      40
      36
      51
      37
      56
      54
      48
      47
      46
      53
      41
      60
      43
      52
      48
      39
      46
      41
      43
      36
      45
      42
      37
      51
      34
      45
      48
      43
      33
      41
      44
      49
      53
      36
      43
      33
      60
      42
      39
      44
      43
      33
      39
      44
      52
      41
      35
      42
      50
      58
      55
      47
      35
      72
      53
      56
      59
      52
      67
      64
      79
      78
      90
      74
      85
     118
     103
     116
     115
     125
      89
     134
     128
     153
     145
     142
     156
     166
     162
     171
     196
     195
     183
     193
     187
     185
     216
     222
     203
     222
     228
     217
     214
     239
     259
     214
     217
     216
     203
     198
     202
     234
     220
     223
     219
     224
     228
     205
     233
     222
     201
     202
     189
     195
     180
     174
     149
     148
     159
     147
     109
      34
       6
       1
       0
       0
       0
       0
       0
       1
       0
       0
       0
       0
       0
       0
       0
       0
       0
       0
       0
       0
       0
       0
       0
       0
       0
       0
       0
       0
       0
       0
       0
       0
       0
       0
       0
       0
       0
       0
       0
       0
       0
       0
       0
       0
       0
       0
       0
       0
       0
       0
       0
       0
       0
       0
       0
       0
       0
       0
       0
       0
       0
       0
       0
       0
       0
       0
       0
       0
       0
       0
$ROI:
0
$PRESETS:
None
0
0
$ENER_FIT:
-23.114153 1.716598
$MCA_CAL:
3
-2.311415E+001 1.716598E+000 0.000000E+000 KeV
$SHAPE_CAL:
3
1.710471E+001 3.569806E-002 0.000000E+000
