$SPEC_ID:
No sample description was entered.
$SPEC_REM:
DET# 1
DETDESC# FD656FB229EA444 Easy-MCA-2k SN 16349062
AP# Maestro Version 7.01
$DATE_MEA:
03/17/2026 08:13:11
$MEAS_TIM:
82868 82896
$DATA:
0 1023
       0
     269
    1083
   33534
  737482
  195701
   67091
   27241
   12924
    7711
    5804
    5015
    4808
    4910
    4951
    4739
    4815
    5041
    5057
    5169
    5201
    5279
    5500
    5585
    5615
    5838
    5835
    6024
    6131
    6229
    6212
    6384
    6536
    6897
    7036
    7472
    7688
    7963
    7844
    8191
    8475
    8455
    8760
    8803
    9216
    9683
    9968
   10409
   10930
   11486
   12102
   12912
   13673
   14380
   15131
   16451
   17285
   18671
   19911
   21098
   22375
   23466
   24280
   24695
   24923
   25205
   25039
   24834
   24530
   24302
   24209
   23933
   23893
   23564
   23470
   23327
   23204
   23181
   23064
   22503
   22493
   22324
   22785
   22502
   22474
   22557
   22494
   22614
   22139
   22528
   22389
   22198
   22301
   22301
   22273
   21998
   21856
   21796
   21915
   21882
   21720
   21659
   21418
   21556
   21497
   21262
   21369
   20881
   20655
   20863
   20676
   20431
   20289
   20134
   19929
   19653
   19486
   19578
   19242
   19017
   18938
   18599
   18604
   18787
   18057
   17716
   18085
   17549
   17834
   17379
   17273
   17226
   17127
   16859
   16737
   16237
   16342
   16393
   16153
   16152
   15718
   15741
   15658
   15588
   15268
   15111
   14921
   15143
   15104
   14882
   14679
   14402
   14428
   14005
   14402
   13899
   13763
   13647
   13448
   13386
   13304
   13102
   13060
   12951
   12806
   12728
   12633
   12330
   12338
   12591
   12228
   12310
   12230
   12112
   11877
   11787
   11885
   11746
   11665
   11772
   11515
   11536
   11459
   11318
   11398
   11292
   11021
   11132
   10788
   10736
   10547
   10407
   10438
   10389
   10047
   10047
    9951
    9663
    9680
    9496
    9636
    9183
    9241
    9016
    8985
    8806
    8796
    8858
    8568
    8577
    8208
    8411
    8436
    8215
    8124
    8038
    8124
    8074
    8022
    7791
    8011
    7899
    7599
    7558
    7468
    7662
    7509
    7338
    7523
    7306
    7336
    7210
    7223
    7037
    7147
    7014
    6907
    6649
    6743
    6775
    6532
    6677
    6694
    6594
    6549
    6419
    6327
    6333
    6378
    6279
    6174
    6276
    6242
    6191
    5964
    6069
    5988
    6032
    6119
    6064
    6033
    5978
    5999
    5882
    5863
    5849
    5856
    5869
    5797
    5735
    5647
    5871
    5791
    5637
    5633
    5551
    5468
    5269
    5336
    5363
    5357
    5241
    5300
    5143
    5082
    5139
    4931
    4757
    4824
    4641
    4749
    4717
    4550
    4620
    4519
    4457
    4346
    4208
    4192
    4187
    4142
    4255
    4101
    4101
    4079
    4039
    4048
    3930
    4015
    3862
    4025
    3866
    3911
    3824
    3816
    3803
    3588
    3814
    3706
    3679
    3709
    3641
    3767
    3617
    3691
    3572
    3675
    3479
    3519
    3624
    3569
    3503
    3619
    3538
    3519
    3455
    3381
    3476
    3464
    3319
    3395
    3384
    3283
    3447
    3436
    3512
    3415
    3407
    3342
    3282
    3378
    3287
    3379
    3336
    3303
    3338
    3314
    3269
    3344
    3246
    3204
    3292
    3298
    3289
    3336
    3371
    3404
    3326
    3339
    3388
    3347
    3291
    3290
    3262
    3295
    3306
    3335
    3360
    3327
    3320
    3361
    3182
    3394
    3319
    3360
    3354
    3323
    3464
    3288
    3315
    3342
    3329
    3332
    3326
    3216
    3203
    3268
    3300
    3217
    3180
    3158
    3192
    3247
    3146
    3188
    3164
    3141
    3201
    3014
    3104
    3089
    2945
    3035
    2990
    2970
    2932
    2919
    2816
    2853
    2870
    2794
    2853
    2919
    2857
    2848
    2831
    2809
    2840
    2737
    2752
    2808
    2821
    2790
    2860
    2799
    2776
    2764
    2846
    2741
    2778
    2746
    2817
    2760
    2754
    2810
    2785
    2799
    2737
    2768
    2806
    2782
    2839
    2521
    2765
    2846
    2703
    2730
    2724
    2611
    2773
    2793
    2695
    2710
    2788
    2696
    2767
    2666
    2699
    2701
    2624
    2660
    2626
    2615
    2612
    2579
    2548
    2461
    2597
    2576
    2569
    2470
    2433
    2412
    2406
    2416
    2368
    2368
    2318
    2289
    2362
    2258
    2267
    2270
    2190
    2172
    2263
    2158
    2094
    2119
    2078
    2144
    1994
    2093
    2029
    2111
    2023
    2040
    1972
    1985
    2025
    1848
    1910
    2029
    1967
    1885
    1794
    1895
    1863
    1836
    1887
    1841
    1848
    1832
    1830
    1676
    1735
    1717
    1638
    1773
    1701
    1725
    1762
    1707
    1630
    1679
    1687
    1674
    1704
    1676
    1712
    1676
    1666
    1632
    1624
    1728
    1695
    1563
    1619
    1572
    1625
    1630
    1543
    1565
    1649
    1553
    1606
    1625
    1559
    1601
    1589
    1571
    1538
    1612
    1593
    1498
    1531
    1582
    1544
    1614
    1531
    1527
    1481
    1598
    1499
    1549
    1503
    1442
    1467
    1495
    1477
    1554
    1513
    1438
    1476
    1514
    1537
    1558
    1516
    1457
    1428
    1464
    1478
    1467
    1480
    1509
    1421
    1432
    1445
    1413
    1439
    1401
    1465
    1410
    1339
    1434
    1396
    1396
    1460
    1375
    1389
    1372
    1416
    1391
    1426
    1396
    1374
    1393
    1348
    1362
    1351
    1372
    1373
    1319
    1379
    1402
    1309
    1370
    1359
    1389
    1295
    1351
    1362
    1379
    1331
    1326
    1299
    1322
    1300
    1292
    1232
    1295
    1285
    1292
    1295
    1294
    1326
    1303
    1280
    1322
    1273
    1240
    1287
    1350
    1280
    1298
    1324
    1352
    1264
    1251
    1274
    1239
    1281
    1240
    1217
    1320
    1317
    1343
    1177
    1261
    1311
    1258
    1242
    1250
    1231
    1178
    1255
    1198
    1175
    1217
    1262
    1239
    1244
    1231
    1244
    1253
    1298
    1213
    1217
    1239
    1231
    1172
    1282
    1204
    1233
    1208
    1215
    1250
    1215
    1207
    1191
    1135
    1197
    1199
    1170
    1202
    1170
    1214
    1271
    1197
    1202
    1223
    1199
    1182
    1175
    1204
    1168
    1154
    1188
    1130
    1172
    1172
    1165
    1181
    1162
    1088
    1108
    1082
    1111
    1117
    1056
    1163
    1160
    1090
    1103
    1056
    1134
    1095
    1034
    1107
    1129
    1084
    1064
    1062
    1058
    1039
    1058
    1093
    1052
    1059
    1074
    1073
    1042
    1006
     992
    1039
    1004
    1019
    1010
    1061
    1003
     998
     973
     994
    1027
     962
     975
     966
     975
     980
     984
     946
     966
     985
     989
    1025
     942
    1022
     958
     981
     922
     981
     949
     980
     987
     934
     966
     897
     997
     980
     929
     930
     916
     892
     939
     949
     911
     980
     980
     895
     904
     897
     879
     926
     959
     937
     880
     932
     904
     941
     885
     933
     932
     953
     883
     929
     954
     941
     913
     846
     923
     910
     886
     905
     921
     944
     913
     894
     917
     863
     947
     955
     946
     898
     890
     981
     981
     967
     955
     901
     933
     965
     929
     958
     902
     919
     916
     910
     923
     916
     915
     916
     984
     956
     892
     873
     832
     842
     911
     923
     916
     922
     907
     879
     840
     944
     890
     926
     925
     878
     891
     873
     907
     928
     926
     886
     875
     869
     816
     852
     796
     844
     899
     878
     901
     845
     838
     819
     827
     841
     824
     843
     821
     826
     813
     753
     858
     839
     812
     824
     826
     811
     867
     788
     781
     801
     783
     790
     767
     826
     747
     731
     800
     822
     777
     748
     791
     758
     712
     719
     731
     743
     714
     700
     752
     703
     727
     702
     747
     719
     722
     715
     732
     697
     725
     663
     689
     714
     675
     682
     667
     675
     707
     647
     677
     669
     674
     688
     707
     693
     685
     684
     631
     393
      77
       1
       0
       0
       0
       0
       0
       0
       0
       0
       0
       0
       0
       0
       0
       0
       0
       0
       0
       0
       0
       0
       0
       0
       0
       0
       0
       0
       0
       0
       0
       0
       0
       0
       0
       0
       0
       0
       0
       0
       0
       0
       0
       0
       0
       0
       0
       0
       0
       0
       0
       0
       0
       0
       0
       0
       0
       0
       0
       0
       0
       0
       0
       0
       0
       0
       0
       0
       0
       0
       0
$ROI:
0
$PRESETS:
None
0
0
$ENER_FIT:
-23.114153 1.716598
$MCA_CAL:
3
-2.311415E+001 1.716598E+000 0.000000E+000 KeV
$SHAPE_CAL:
3
1.710471E+001 3.569806E-002 0.000000E+000
