$SPEC_ID:
No sample description was entered.
$SPEC_REM:
DET# 1
DETDESC# FD656FB229EA444 Easy-MCA-2k SN 16349062
AP# Maestro Version 7.01
$DATE_MEA:
03/18/2026 08:02:15
$MEAS_TIM:
354 355
$DATA:
0 1023
       0
      18
      20
      40
     645
     484
     376
     317
     258
     257
     265
     249
     268
     264
     292
     314
     287
     330
     357
     352
     427
     600
     982
    1512
    2159
    2888
    2857
    2618
    2007
    1478
    1008
     783
     552
     405
     386
     394
     380
     322
     339
     352
     322
     340
     341
     384
     350
     357
     375
     352
     363
     400
     347
     429
     458
     459
     475
     577
     607
     682
     655
     690
     713
     691
     633
     575
     569
     526
     533
     507
     455
     492
     454
     458
     416
     381
     368
     326
     377
     384
     361
     373
     384
     366
     346
     368
     379
     337
     364
     352
     359
     372
     345
     376
     336
     354
     316
     371
     377
     345
     350
     374
     381
     354
     354
     365
     332
     352
     322
     302
     334
     320
     321
     320
     347
     364
     323
     354
     311
     340
     322
     327
     317
     346
     368
     338
     349
     340
     352
     341
     368
     364
     333
     337
     367
     342
     394
     377
     392
     361
     424
     372
     394
     406
     372
     380
     382
     412
     355
     351
     386
     359
     379
     349
     378
     400
     293
     359
     329
     357
     341
     365
     379
     367
     316
     342
     368
     382
     379
     350
     375
     360
     335
     358
     375
     333
     383
     345
     391
     370
     373
     377
     396
     358
     350
     362
     381
     364
     364
     364
     387
     359
     302
     388
     368
     338
     369
     349
     363
     359
     365
     357
     371
     335
     318
     358
     365
     372
     362
     342
     361
     328
     337
     355
     314
     347
     343
     356
     314
     349
     333
     335
     307
     346
     341
     317
     306
     346
     320
     295
     355
     307
     317
     339
     365
     284
     314
     303
     316
     295
     301
     297
     290
     313
     304
     304
     300
     316
     313
     289
     300
     302
     283
     265
     313
     273
     321
     266
     298
     271
     301
     301
     255
     303
     274
     277
     284
     274
     276
     288
     300
     297
     279
     284
     288
     297
     286
     288
     262
     261
     301
     276
     246
     252
     265
     291
     269
     293
     261
     266
     255
     291
     293
     267
     251
     288
     292
     257
     261
     260
     301
     267
     282
     262
     279
     257
     263
     268
     255
     270
     292
     265
     243
     264
     310
     271
     255
     288
     233
     282
     257
     226
     245
     245
     235
     218
     217
     239
     227
     226
     200
     195
     204
     189
     213
     192
     180
     196
     161
     163
     147
     161
     170
     141
     150
     147
     126
     151
     126
     120
     100
      93
     112
      88
      82
      99
     101
      86
      77
      71
      72
      79
      74
      79
      79
      57
      70
      80
      63
      57
      60
      64
      64
      74
      50
      44
      60
      52
      46
      51
      37
      52
      40
      46
      53
      54
      49
      52
      42
      45
      30
      51
      38
      36
      42
      48
      33
      28
      35
      47
      34
      27
      35
      26
      41
      37
      34
      37
      38
      26
      31
      47
      27
      34
      47
      46
      34
      34
      50
      60
      51
      66
      71
      66
      66
      75
      86
      90
     116
     120
     121
     141
     147
     163
     177
     220
     206
     240
     283
     305
     318
     323
     381
     389
     414
     476
     528
     558
     609
     604
     680
     727
     759
     787
     810
     801
     956
     927
    1052
    1011
    1098
    1092
    1185
    1213
    1249
    1291
    1334
    1298
    1273
    1315
    1325
    1314
    1360
    1285
    1291
    1301
    1323
    1324
    1290
    1222
    1182
    1191
    1120
    1056
    1010
    1050
     951
     863
     839
     728
     730
     750
     610
     569
     543
     506
     523
     423
     347
     375
     315
     308
     268
     244
     203
     163
     155
     136
     106
      96
      93
      82
      71
      53
      63
      45
      41
      39
      37
      23
      22
      17
      14
      22
      13
      17
      14
       8
       9
       8
      10
      11
      15
      13
       7
      11
       7
      11
       8
       8
       8
       4
      11
       4
       7
       8
      13
       5
       7
       5
       9
       7
       8
       9
       6
       5
       7
       9
       2
       5
      10
       4
       5
       6
       6
       5
       8
      12
       7
       8
       6
       5
       7
       8
       9
       6
       7
       1
       7
       8
       6
       3
       4
       3
       6
       2
       6
       5
       7
      11
       3
       8
       6
       7
       4
       5
       1
       7
       4
       2
       6
      11
       6
       3
       4
       4
       2
       5
       8
       6
       7
       8
       5
       4
       4
       4
       4
       7
      10
       1
       3
       5
       5
       4
       7
       7
       6
       5
       4
       1
       5
       7
       7
       3
       9
       4
       7
       4
       7
       6
       3
      10
       9
       7
       7
       7
       7
       8
       4
       4
       4
       1
       4
       8
       2
       7
       2
       3
       7
       3
       4
       9
       2
       5
       9
       5
       6
       2
       7
       2
       4
      11
       3
       8
       6
       5
       5
       5
      10
       4
       4
       8
       7
       5
       5
       4
       6
      10
       4
       5
       8
       6
       4
       9
       2
       2
       5
       4
       3
       2
       8
       6
       5
       0
       3
       7
       5
       4
       2
       7
       2
       3
       1
       7
       3
       5
       1
       8
       6
       5
       6
       6
       3
       5
       5
       1
       2
       5
       1
       5
       4
       5
       3
       3
       1
       7
       2
       4
       3
       8
       3
       8
       8
       6
       2
       3
       3
       4
       2
       1
       6
       3
       4
       8
       3
       2
       3
       2
       6
       1
       4
       5
       7
       3
       5
       3
       2
       4
       1
       4
       1
       1
       1
       3
       4
       4
       4
       4
       2
       4
       4
       7
       9
       4
       3
       7
       4
       5
       5
       0
       2
       4
       5
       3
       5
       6
       5
       1
      10
       7
       1
       6
       2
       5
       5
       2
       3
       3
       4
       8
       5
       2
       4
       4
       7
       1
       1
       5
       5
       3
       6
       4
       5
       4
       6
       5
       5
       5
       2
       3
       7
       4
       6
       4
       9
       1
       3
       4
       6
       3
       4
       6
       1
       4
       3
       0
       2
       4
      10
       2
       3
       5
       2
       4
       2
       2
       3
       3
       2
       2
       4
       4
       3
       1
       4
       1
       2
       2
       2
       1
       3
       2
       2
       4
       1
       1
       3
       1
       5
       7
       2
       4
       1
       3
       4
       2
       3
       1
       2
       5
       0
       3
       1
       2
       5
       3
       1
       5
       4
       2
       4
       5
       0
       0
       2
       0
       3
       4
       2
       1
       2
       4
       1
       3
       0
       6
       2
       1
       4
       3
       3
       3
       3
       2
       1
       4
       6
       6
       0
       2
       1
       1
       3
       1
       3
       1
       5
       3
       1
       1
       2
       1
       3
       2
       2
       2
       1
       2
       2
       4
       0
       1
       1
       3
       0
       0
       0
       0
       0
       0
       0
       0
       0
       0
       0
       0
       0
       0
       0
       0
       0
       0
       0
       0
       0
       0
       0
       0
       0
       0
       0
       0
       0
       0
       0
       0
       0
       0
       0
       0
       0
       0
       0
       0
       0
       0
       0
       0
       0
       0
       0
       0
       0
       0
       0
       0
       0
       0
       0
       0
       0
       0
       0
       0
       0
       0
       0
       0
       0
       0
       0
       0
       0
       0
       0
       0
$ROI:
1
423 531
$PRESETS:
None
0
0
$ENER_FIT:
-23.114153 1.716598
$MCA_CAL:
3
-2.311415E+001 1.716598E+000 0.000000E+000 KeV
$SHAPE_CAL:
3
1.710471E+001 3.569806E-002 0.000000E+000
