$SPEC_ID:
No sample description was entered.
$SPEC_REM:
DET# 1
DETDESC# FD656FB229EA444 Easy-MCA-2k SN 16349062
AP# Maestro Version 7.01
$DATE_MEA:
03/18/2026 07:36:41
$MEAS_TIM:
247 252
$DATA:
0 1023
       0
      49
     308
    1682
   11600
    1602
    1143
    1105
    1133
    1116
    1133
    1110
    1144
    1171
    1136
    1140
    1131
    1202
    1201
    1231
    1169
    1240
    1226
    1268
    1258
    1231
    1264
    1235
    1308
    1290
    1348
    1365
    1380
    1355
    1503
    1395
    1423
    1381
    1346
    1358
    1333
    1393
    1411
    1402
    1352
    1362
    1357
    1393
    1477
    1506
    1599
    1698
    1793
    2006
    2280
    2498
    2722
    2729
    2869
    2846
    2564
    2395
    2229
    2205
    2049
    1921
    1855
    1874
    1709
    1643
    1439
    1425
    1406
    1342
    1322
    1362
    1324
    1290
    1264
    1267
    1280
    1339
    1292
    1321
    1316
    1309
    1289
    1348
    1365
    1292
    1295
    1337
    1362
    1251
    1323
    1270
    1273
    1291
    1333
    1340
    1297
    1302
    1334
    1315
    1329
    1312
    1271
    1365
    1360
    1277
    1315
    1375
    1286
    1333
    1369
    1417
    1414
    1465
    1479
    1404
    1569
    1548
    1571
    1597
    1609
    1645
    1607
    1701
    1627
    1604
    1630
    1674
    1676
    1615
    1508
    1628
    1515
    1544
    1549
    1572
    1572
    1600
    1474
    1408
    1505
    1537
    1482
    1499
    1629
    1543
    1546
    1536
    1558
    1553
    1639
    1550
    1626
    1544
    1647
    1606
    1565
    1566
    1604
    1543
    1554
    1607
    1598
    1683
    1614
    1584
    1597
    1576
    1653
    1565
    1640
    1631
    1567
    1597
    1540
    1580
    1628
    1602
    1539
    1569
    1555
    1550
    1469
    1579
    1639
    1548
    1507
    1588
    1584
    1495
    1565
    1490
    1529
    1528
    1581
    1577
    1533
    1600
    1555
    1573
    1566
    1534
    1550
    1537
    1555
    1503
    1575
    1560
    1560
    1519
    1561
    1542
    1550
    1592
    1462
    1519
    1508
    1500
    1519
    1497
    1457
    1483
    1424
    1322
    1351
    1395
    1360
    1214
    1263
    1271
    1207
    1147
    1169
    1134
    1092
    1042
    1070
    1045
     974
     998
     912
     884
     874
     870
     870
     782
     788
     804
     795
     796
     754
     752
     762
     681
     734
     684
     695
     658
     637
     671
     672
     665
     640
     627
     602
     635
     640
     609
     588
     603
     557
     614
     555
     561
     582
     546
     533
     529
     539
     526
     497
     508
     540
     482
     504
     496
     475
     462
     432
     481
     489
     520
     468
     491
     494
     446
     444
     453
     446
     456
     443
     441
     417
     428
     449
     482
     479
     468
     463
     462
     501
     503
     528
     543
     522
     618
     639
     723
     709
     819
     889
     976
    1065
    1219
    1250
    1500
    1579
    1758
    1938
    2145
    2407
    2608
    2747
    3037
    3364
    3748
    3918
    4273
    4626
    4770
    5253
    5519
    5811
    5886
    6261
    6625
    6979
    6988
    7090
    7113
    7355
    7482
    7247
    7432
    7401
    7235
    7145
    6902
    6787
    6647
    6279
    6080
    5732
    5597
    5068
    4794
    4409
    4084
    3894
    3538
    3123
    2940
    2617
    2456
    2154
    1828
    1662
    1524
    1359
    1239
    1096
    1008
     866
     769
     643
     598
     558
     514
     456
     391
     366
     405
     337
     321
     334
     290
     278
     243
     244
     260
     242
     239
     266
     241
     259
     247
     252
     262
     258
     253
     226
     269
     224
     242
     244
     276
     246
     239
     259
     244
     245
     231
     256
     226
     254
     234
     264
     228
     253
     250
     242
     221
     214
     210
     246
     228
     234
     240
     226
     220
     231
     258
     234
     219
     226
     265
     230
     239
     223
     204
     235
     215
     231
     271
     203
     232
     234
     225
     232
     210
     221
     250
     217
     252
     208
     220
     262
     222
     239
     238
     226
     252
     225
     245
     217
     223
     217
     210
     228
     211
     219
     243
     252
     237
     220
     240
     228
     229
     220
     229
     232
     235
     224
     240
     230
     241
     220
     216
     222
     231
     222
     241
     231
     246
     236
     205
     228
     215
     223
     217
     236
     224
     211
     248
     228
     204
     220
     229
     242
     204
     229
     253
     261
     215
     207
     226
     245
     228
     228
     253
     240
     260
     213
     251
     226
     238
     241
     233
     231
     246
     243
     214
     220
     224
     249
     230
     248
     230
     237
     252
     226
     261
     248
     237
     224
     215
     260
     248
     221
     207
     237
     252
     237
     251
     227
     237
     278
     262
     211
     243
     189
     236
     230
     221
     246
     219
     235
     236
     232
     235
     188
     236
     234
     236
     243
     215
     251
     228
     251
     224
     247
     243
     282
     251
     256
     255
     246
     232
     239
     248
     248
     221
     263
     244
     232
     236
     237
     245
     247
     258
     267
     221
     221
     261
     250
     266
     283
     276
     232
     244
     225
     240
     243
     285
     272
     252
     259
     225
     267
     269
     270
     295
     275
     278
     286
     263
     266
     256
     267
     240
     247
     270
     274
     253
     247
     251
     260
     245
     276
     280
     290
     264
     243
     305
     262
     266
     278
     269
     318
     249
     262
     273
     259
     271
     283
     328
     274
     292
     280
     273
     226
     268
     288
     274
     248
     272
     234
     294
     269
     270
     274
     259
     243
     283
     252
     233
     276
     241
     248
     247
     262
     242
     253
     241
     260
     247
     248
     243
     257
     251
     225
     216
     217
     227
     218
     202
     201
     185
     190
     185
     207
     207
     203
     181
     157
     185
     156
     156
     163
     176
     175
     157
     138
     148
     135
     147
     143
     129
     123
     140
     144
     130
     102
     113
     115
      98
     114
      96
      91
      88
     103
      98
      96
      95
      85
      95
      78
      83
      81
      76
      77
      69
      76
      72
      63
      80
      62
      79
      76
      64
      67
      51
      68
      72
      62
      48
      52
      61
      49
      43
      43
      55
      59
      50
      57
      54
      36
      58
      57
      61
      55
      51
      57
      47
      51
      42
      47
      41
      47
      58
      56
      47
      56
      47
      55
      55
      83
      64
      53
      72
      73
      62
      72
      60
      85
      81
      94
      94
      99
      96
      94
     107
     123
     132
     141
     136
     164
     155
     170
     166
     182
     209
     213
     229
     262
     272
     295
     317
     300
     334
     344
     398
     346
     432
     417
     429
     442
     461
     506
     493
     557
     540
     546
     596
     621
     598
     617
     644
     656
     687
     661
     690
     800
     778
     758
     754
     729
     814
     812
     779
     835
     819
     796
     816
     814
     802
     818
     815
     797
     816
     709
     779
     737
     734
     707
     712
     712
     707
     702
     652
     678
     623
     617
     590
     607
     563
     571
     532
     543
     477
     446
     434
     453
     378
     399
     378
     344
     343
     345
     310
     276
     308
     274
     262
     212
     236
     197
     231
     192
     180
     174
     144
     144
     132
     151
     131
     100
     103
      99
      94
      89
      83
      95
      72
      71
      72
      68
      70
      55
      48
      52
      47
      38
      35
      45
      40
      28
      35
      32
      31
      20
      28
      29
      27
      18
      26
      21
      24
       9
       2
       3
       2
       1
       1
       2
       0
       1
       0
       0
       0
       0
       2
       0
       0
       0
       0
       0
       0
       0
       1
       1
       1
       0
       0
       0
       0
       0
       0
       0
       0
       0
       0
       0
       0
       0
       0
       0
       0
       0
       0
       0
       0
       0
       0
       0
       0
       0
       0
       0
       0
       0
       0
       0
       0
       0
       0
       0
       0
       0
       0
       0
       0
       0
       0
       0
       0
       0
       0
       0
       0
$ROI:
1
790 938
$PRESETS:
None
0
0
$ENER_FIT:
-23.114153 1.716598
$MCA_CAL:
3
-2.311415E+001 1.716598E+000 0.000000E+000 KeV
$SHAPE_CAL:
3
1.710471E+001 3.569806E-002 0.000000E+000
