$SPEC_ID:
No sample description was entered.
$SPEC_REM:
DET# 1
DETDESC# FD656FB229EA444 Easy-MCA-2k SN 16349062
AP# Maestro Version 7.01
$DATE_MEA:
03/18/2026 07:41:56
$MEAS_TIM:
272 275
$DATA:
0 1023
       0
      46
     193
     972
    6104
    1182
     931
     913
     901
     884
     885
     871
     914
     952
     895
     986
     952
     980
    1007
     981
     965
    1011
    1067
    1029
    1028
     999
    1066
    1003
    1008
    1109
    1005
    1101
    1106
    1127
    1173
    1154
    1166
    1173
    1111
    1155
    1089
    1110
    1044
    1111
    1088
    1101
    1069
    1090
    1111
    1180
    1144
    1206
    1300
    1479
    1605
    1769
    1967
    2068
    2239
    2284
    2274
    2197
    1989
    1895
    1816
    1653
    1599
    1610
    1536
    1502
    1353
    1331
    1322
    1244
    1158
    1105
    1110
    1096
    1111
    1084
    1120
    1089
    1112
    1115
    1048
    1034
    1102
    1142
    1096
    1132
    1092
    1136
    1135
    1139
    1156
    1108
    1083
    1109
    1106
    1147
    1112
    1154
    1144
    1117
    1156
    1120
    1105
    1123
    1092
    1143
    1070
    1139
    1177
    1092
    1139
    1112
    1192
    1132
    1152
    1161
    1200
    1216
    1225
    1315
    1261
    1379
    1311
    1426
    1379
    1500
    1500
    1456
    1453
    1527
    1477
    1461
    1510
    1432
    1466
    1467
    1374
    1341
    1364
    1307
    1334
    1360
    1297
    1237
    1304
    1369
    1310
    1328
    1261
    1241
    1247
    1330
    1315
    1312
    1334
    1302
    1326
    1345
    1376
    1300
    1306
    1269
    1273
    1300
    1305
    1328
    1336
    1319
    1268
    1357
    1223
    1305
    1309
    1230
    1329
    1290
    1335
    1298
    1349
    1251
    1316
    1318
    1280
    1299
    1240
    1307
    1271
    1266
    1255
    1267
    1251
    1253
    1289
    1360
    1310
    1293
    1271
    1227
    1227
    1216
    1204
    1231
    1263
    1260
    1231
    1256
    1230
    1233
    1314
    1327
    1252
    1309
    1189
    1306
    1288
    1305
    1270
    1281
    1243
    1239
    1225
    1171
    1271
    1226
    1295
    1183
    1138
    1134
    1187
    1114
    1056
    1081
    1092
    1076
    1065
    1034
    1020
     957
     931
     949
     936
     877
     844
     786
     776
     778
     737
     772
     722
     687
     696
     709
     691
     663
     622
     649
     647
     628
     618
     606
     629
     588
     514
     558
     579
     534
     569
     557
     557
     500
     515
     549
     506
     520
     478
     492
     479
     486
     477
     508
     485
     492
     453
     481
     442
     445
     440
     434
     420
     441
     437
     404
     403
     441
     442
     413
     424
     410
     400
     419
     412
     391
     389
     371
     394
     372
     348
     416
     395
     398
     385
     392
     395
     453
     386
     405
     371
     431
     401
     402
     429
     398
     464
     527
     524
     527
     561
     683
     668
     738
     800
     890
     984
    1061
    1191
    1244
    1436
    1532
    1760
    1906
    2054
    2187
    2335
    2528
    2716
    3034
    3302
    3464
    3735
    3999
    4193
    4370
    4649
    4897
    5106
    5199
    5283
    5481
    5657
    5842
    5794
    6005
    6003
    5922
    5813
    5964
    5788
    5630
    5520
    5265
    5289
    5019
    4847
    4592
    4516
    4277
    3933
    3727
    3485
    3221
    2980
    2761
    2467
    2265
    1991
    1810
    1682
    1442
    1333
    1173
    1049
     904
     865
     743
     690
     574
     561
     467
     373
     395
     361
     319
     296
     276
     262
     275
     266
     256
     218
     226
     225
     211
     214
     206
     220
     196
     232
     204
     218
     192
     203
     198
     225
     206
     191
     189
     216
     169
     197
     201
     189
     220
     194
     188
     200
     187
     236
     216
     181
     200
     205
     177
     222
     184
     191
     207
     199
     197
     181
     204
     191
     185
     214
     186
     180
     201
     182
     183
     191
     191
     200
     176
     186
     187
     185
     200
     211
     191
     203
     197
     199
     182
     169
     205
     201
     211
     168
     197
     165
     189
     202
     179
     204
     188
     204
     190
     191
     199
     175
     188
     202
     198
     197
     187
     209
     189
     196
     175
     199
     192
     188
     186
     196
     183
     204
     204
     193
     189
     197
     194
     207
     170
     186
     180
     185
     203
     192
     181
     199
     190
     179
     197
     198
     187
     200
     186
     218
     181
     167
     183
     195
     191
     188
     200
     201
     167
     197
     166
     219
     191
     190
     222
     199
     206
     202
     204
     205
     186
     209
     199
     204
     198
     212
     188
     216
     198
     190
     184
     220
     201
     190
     205
     182
     186
     201
     191
     198
     182
     172
     177
     184
     201
     195
     190
     181
     210
     197
     200
     190
     174
     196
     198
     182
     200
     196
     207
     190
     185
     188
     204
     206
     211
     196
     190
     170
     205
     185
     177
     197
     211
     171
     193
     195
     178
     191
     204
     217
     234
     224
     211
     189
     208
     240
     201
     202
     198
     186
     197
     209
     215
     215
     222
     217
     220
     174
     199
     196
     192
     215
     194
     196
     211
     201
     217
     221
     208
     228
     200
     213
     224
     211
     207
     206
     227
     195
     185
     233
     236
     231
     223
     220
     218
     227
     191
     205
     201
     225
     220
     228
     222
     256
     224
     211
     227
     216
     227
     231
     217
     211
     249
     224
     207
     225
     221
     205
     211
     228
     209
     213
     213
     206
     223
     205
     214
     220
     187
     207
     261
     229
     218
     209
     232
     224
     229
     238
     237
     233
     206
     243
     210
     208
     237
     229
     238
     230
     197
     216
     210
     196
     209
     197
     193
     207
     181
     212
     183
     202
     175
     196
     171
     172
     182
     185
     178
     190
     136
     200
     177
     170
     167
     157
     168
     155
     166
     143
     147
     142
     147
     141
     125
     156
     118
     128
     113
     124
     140
     113
     120
      93
      98
      95
     108
      87
      89
      79
      96
     113
      93
      87
      91
      77
      85
      75
      76
      86
      87
      71
      63
      67
      63
      66
      68
      52
      57
      69
      44
      58
      58
      58
      59
      60
      69
      48
      36
      49
      52
      37
      44
      49
      47
      44
      38
      40
      40
      52
      37
      46
      44
      33
      46
      51
      41
      37
      33
      45
      42
      44
      45
      41
      45
      46
      53
      35
      42
      39
      41
      40
      44
      45
      53
      52
      53
      46
      64
      78
      61
      68
      73
      72
      64
      83
      84
     102
      85
     110
     101
     126
     100
     125
     161
     147
     131
     164
     164
     169
     180
     193
     196
     202
     212
     239
     238
     261
     246
     287
     275
     289
     308
     336
     318
     354
     373
     371
     362
     374
     422
     435
     489
     449
     492
     504
     503
     430
     532
     555
     554
     545
     556
     560
     586
     577
     615
     657
     635
     617
     599
     632
     597
     678
     690
     646
     676
     617
     653
     654
     620
     634
     638
     590
     651
     635
     566
     584
     573
     587
     569
     513
     575
     485
     470
     476
     473
     466
     463
     372
     395
     442
     434
     377
     373
     351
     358
     306
     318
     302
     291
     238
     244
     273
     228
     198
     226
     215
     198
     167
     157
     156
     138
     125
     137
     113
     119
     103
     100
      93
      73
      70
      63
      30
       3
       2
       1
       0
       0
       2
       2
       1
       0
       0
       0
       0
       0
       0
       0
       1
       2
       0
       0
       0
       0
       0
       0
       0
       0
       0
       0
       0
       1
       0
       0
       0
       0
       0
       0
       0
       0
       0
       0
       0
       0
       0
       0
       0
       0
       0
       0
       0
       0
       0
       0
       0
       0
       0
       0
       0
       0
       0
       0
       0
       0
       0
       0
       0
       0
       0
       0
       0
       0
       0
       0
$ROI:
1
820 972
$PRESETS:
None
0
0
$ENER_FIT:
-23.114153 1.716598
$MCA_CAL:
3
-2.311415E+001 1.716598E+000 0.000000E+000 KeV
$SHAPE_CAL:
3
1.710471E+001 3.569806E-002 0.000000E+000
