$SPEC_ID:
No sample description was entered.
$SPEC_REM:
DET# 1
DETDESC# FD656FB229EA444 Easy-MCA-2k SN 16349062
AP# Maestro Version 7.01
$DATE_MEA:
03/18/2026 07:31:11
$MEAS_TIM:
246 253
$DATA:
0 1023
       0
      61
     472
    4180
   32876
    2475
    1576
    1439
    1480
    1476
    1474
    1531
    1507
    1505
    1536
    1529
    1587
    1599
    1614
    1560
    1600
    1635
    1612
    1670
    1685
    1715
    1650
    1759
    1751
    1739
    1671
    1836
    1850
    1885
    1928
    1997
    1892
    1890
    1863
    1778
    1793
    1812
    1871
    1882
    1816
    1768
    1815
    1979
    1907
    1929
    2121
    2120
    2375
    2553
    2873
    3062
    3492
    3646
    3686
    3609
    3604
    3293
    3266
    2917
    2761
    2667
    2628
    2467
    2343
    2279
    2138
    2003
    1918
    1757
    1732
    1759
    1661
    1644
    1726
    1659
    1696
    1725
    1675
    1662
    1634
    1628
    1740
    1673
    1691
    1741
    1664
    1701
    1663
    1727
    1676
    1674
    1710
    1704
    1711
    1661
    1720
    1727
    1604
    1742
    1730
    1699
    1684
    1642
    1655
    1785
    1680
    1696
    1695
    1733
    1736
    1744
    1789
    1789
    1805
    1796
    1816
    1810
    1911
    1912
    1982
    2012
    2011
    2054
    2172
    2067
    2041
    2058
    2073
    2075
    2002
    2025
    1924
    1981
    2028
    1965
    2019
    2105
    1923
    1958
    1996
    2039
    1898
    2031
    2028
    2061
    2079
    2097
    2111
    2042
    2082
    2036
    2134
    2034
    2076
    2072
    2187
    2190
    2137
    2234
    2207
    2224
    2076
    2180
    2134
    2230
    2136
    2138
    2096
    2083
    2082
    2081
    2111
    2143
    2079
    2031
    2063
    2060
    2146
    2097
    2110
    2152
    2142
    2081
    2111
    2093
    2075
    2029
    2047
    2034
    1993
    2057
    2014
    2078
    2096
    2035
    2047
    2033
    2021
    2036
    2037
    2040
    2008
    2000
    2125
    2065
    2153
    2005
    2033
    2041
    2177
    2084
    2039
    2116
    1956
    1996
    2007
    2013
    2013
    1969
    2057
    1927
    1894
    1809
    1785
    1866
    1733
    1785
    1770
    1675
    1610
    1563
    1483
    1464
    1486
    1468
    1407
    1369
    1274
    1291
    1333
    1257
    1133
    1152
    1136
    1041
    1037
    1057
    1020
    1037
     992
     965
     959
     954
     918
     945
     867
     903
     911
     805
     875
     759
     803
     812
     807
     775
     695
     763
     767
     766
     750
     669
     750
     741
     725
     689
     683
     690
     663
     677
     631
     634
     673
     620
     647
     618
     656
     597
     628
     565
     578
     577
     545
     617
     610
     641
     617
     609
     596
     576
     581
     599
     555
     581
     551
     564
     574
     605
     570
     600
     632
     618
     653
     633
     642
     790
     758
     822
     896
     923
    1016
    1116
    1148
    1366
    1465
    1561
    1794
    1903
    2122
    2324
    2532
    2967
    3162
    3326
    3663
    4101
    4304
    4590
    5039
    5363
    5868
    6275
    6514
    7049
    7366
    7672
    7940
    8446
    8694
    8933
    8955
    9231
    9423
    9456
    9614
    9524
    9344
    9385
    9339
    9174
    8974
    8647
    8306
    8042
    7832
    7330
    6995
    6791
    6227
    5857
    5619
    5067
    4779
    4422
    3893
    3553
    3163
    2936
    2574
    2411
    2130
    1889
    1713
    1459
    1374
    1241
    1096
     984
     900
     771
     653
     642
     619
     554
     496
     460
     434
     454
     430
     356
     350
     366
     334
     378
     338
     318
     333
     334
     309
     308
     327
     320
     343
     318
     313
     319
     306
     317
     344
     328
     290
     319
     327
     341
     326
     298
     302
     342
     276
     289
     302
     319
     296
     309
     313
     294
     296
     310
     283
     273
     296
     305
     306
     282
     274
     331
     311
     291
     303
     282
     317
     291
     310
     295
     311
     306
     298
     258
     309
     299
     283
     270
     297
     319
     266
     311
     293
     278
     279
     306
     333
     320
     269
     294
     278
     308
     279
     317
     297
     284
     299
     331
     313
     302
     295
     313
     297
     294
     332
     280
     291
     299
     284
     293
     322
     312
     292
     327
     279
     287
     293
     301
     302
     264
     308
     290
     287
     317
     298
     318
     287
     308
     319
     329
     290
     311
     292
     305
     309
     309
     289
     282
     272
     321
     314
     307
     296
     291
     306
     310
     307
     314
     299
     312
     306
     318
     302
     328
     289
     316
     306
     306
     298
     343
     296
     293
     333
     306
     303
     320
     271
     311
     317
     302
     275
     295
     306
     315
     314
     320
     297
     316
     297
     314
     321
     330
     313
     297
     306
     300
     258
     294
     304
     287
     305
     326
     311
     318
     294
     316
     315
     361
     311
     325
     339
     318
     304
     305
     321
     342
     333
     345
     293
     321
     291
     299
     353
     345
     311
     349
     356
     327
     349
     312
     313
     316
     312
     330
     327
     350
     307
     320
     307
     337
     346
     346
     343
     346
     321
     316
     354
     337
     321
     338
     317
     296
     345
     345
     370
     320
     335
     358
     362
     311
     321
     349
     324
     329
     367
     328
     347
     336
     312
     364
     383
     357
     337
     314
     350
     329
     385
     366
     386
     370
     393
     396
     367
     368
     352
     330
     375
     331
     342
     363
     382
     343
     363
     369
     367
     353
     341
     371
     369
     384
     361
     371
     356
     356
     313
     344
     372
     353
     370
     358
     353
     348
     328
     344
     364
     339
     322
     340
     332
     346
     388
     332
     309
     347
     313
     341
     316
     314
     311
     318
     313
     307
     301
     283
     280
     301
     291
     246
     261
     299
     278
     247
     248
     269
     239
     248
     212
     262
     219
     208
     235
     209
     209
     214
     200
     189
     199
     201
     214
     186
     195
     170
     205
     183
     160
     156
     172
     139
     140
     124
     141
     147
     138
     150
     130
     144
     133
     130
     110
     108
      88
     115
     102
     116
     105
     121
     106
     109
      85
      95
     102
      93
      77
      79
      80
      77
      79
      80
      74
      79
      82
      72
      67
      59
      74
      67
      78
      89
      79
      83
      75
      70
      68
      82
      74
      90
      82
      74
      64
      58
      73
      72
      82
      67
      80
      82
      67
      95
      96
      69
      97
     119
     109
     105
      96
     110
     100
     113
     117
     149
     152
     143
     151
     186
     177
     205
     218
     225
     220
     213
     263
     257
     251
     301
     295
     327
     376
     321
     359
     402
     439
     428
     435
     477
     532
     495
     542
     551
     549
     586
     629
     659
     717
     688
     658
     748
     736
     797
     785
     822
     826
     884
     903
     911
     946
     911
     915
     960
     931
     964
    1009
     968
    1050
     996
    1009
    1003
     998
    1010
     974
     974
     979
     961
     956
     969
     941
     927
     992
     897
     873
     919
     851
     849
     889
     848
     836
     821
     719
     749
     714
     749
     634
     666
     640
     594
     629
     569
     564
     525
     539
     482
     447
     468
     390
     413
     364
     354
     365
     332
     335
     293
     263
     274
     286
     245
     262
     208
     213
     203
     161
     179
     171
     160
     145
     143
     123
     138
     115
     101
     105
     109
      93
     105
      81
      84
      75
      66
      77
      68
      78
      52
      51
      56
      44
      56
      38
       3
       0
       0
       2
       2
       1
       2
       1
       2
       2
       2
       0
       1
       0
       0
       1
       2
       1
       2
       2
       0
       1
       0
       0
       0
       1
       1
       0
       0
       0
       0
       1
       0
       0
       0
       0
       0
       0
       0
       1
       0
       0
       0
       0
       0
       0
       0
       0
       0
       0
       0
       0
       0
       0
       0
       0
       0
       0
       0
       0
       0
       0
       0
       0
       0
       0
       0
       0
       0
       0
       0
$ROI:
1
797 947
$PRESETS:
None
0
0
$ENER_FIT:
-23.114153 1.716598
$MCA_CAL:
3
-2.311415E+001 1.716598E+000 0.000000E+000 KeV
$SHAPE_CAL:
3
1.710471E+001 3.569806E-002 0.000000E+000
